1.00005 0.973793 2.14247 103674 0.38375 0.0833295 -0.00265633
2.00006 0.94752 2.31083 102394 1.03356 0.310804 -0.0232959
3.00003 0.928562 2.48059 98775 1.78262 0.610658 -0.0409469
4.00007 0.924001 2.65783 92579 2.54849 0.942788 -0.0479636
5.00001 0.931527 2.84338 85010 3.3059 1.28559 -0.0516744
6.00004 0.946175 3.01077 77327 4.03501 1.63213 -0.0493012
7.00001 0.964354 3.16881 70178 4.73739 1.98074 -0.0472275
8.00006 0.984174 3.31922 63771 5.41473 2.34137 -0.0450826
9.00006 1.0075 3.47055 57934 6.06922 2.70233 -0.0417555
10.0001 1.03058 3.6113 52850 6.70458 3.06229 -0.0410201
11 1.05488 3.74657 48342 7.31925 3.4136 -0.0367397
12.0001 1.0794 3.88423 44378 7.91392 3.78111 -0.0349273
13.0001 1.10201 4.0148 40923 8.51059 4.15734 -0.0346196
14 1.125 4.13555 37809 9.0997 4.5236 -0.0330945
15 1.14855 4.26242 34985 9.69127 4.88761 -0.0319195
16.0001 1.17078 4.38729 32484 10.2949 5.30086 -0.0337328
17 1.19078 4.50583 30267 10.9087 5.73669 -0.0333426
18.0002 1.21689 4.62052 28069 11.4936 6.12761 -0.0289696
19.0001 1.24097 4.73093 26081 12.0892 6.5555 -0.0272783
20.0001 1.26404 4.83521 24337 12.7071 7.00527 -0.0308969
21.0002 1.28418 4.94958 22740 13.3254 7.48991 -0.0305333
22.0001 1.30567 5.07239 21245 13.9774 8.01464 -0.034029
23.0001 1.33064 5.19008 19852 14.5662 8.45094 -0.0254445
24 1.35041 5.31629 18617 15.1769 8.93929 -0.0233949
25 1.37451 5.44324 17434 15.7968 9.44396 -0.0254349
26 1.39457 5.57219 16407 16.4176 9.932 -0.0265515
27 1.41526 5.7031 15438 17.056 10.464 -0.0258234
28.0001 1.43849 5.83276 14537 17.6896 11.0125 -0.0270189
29.0001 1.45593 5.95409 13793 18.2571 11.4841 -0.02264
30 1.47842 6.07882 13019 18.8671 12.0836 -0.0231762
31 1.50136 6.19614 12314 19.5067 12.6948 -0.0256152
32 1.53011 6.30983 11614 20.087 13.1675 -0.0199716
33.0001 1.54455 6.42369 11079 20.6698 13.6688 -0.0215863
34.0001 1.56905 6.53648 10509 21.2069 14.1269 -0.0182973
35.0001 1.58866 6.64455 10024 21.7643 14.6427 -0.0183979
36.0001 1.60659 6.74961 9584 22.3373 15.1994 -0.0197808
37.0001 1.62291 6.85232 9182 22.9224 15.6544 -0.0203352
38 1.64268 6.95051 8783 23.5001 16.2141 -0.0184813
39 1.6582 7.04386 8434 24.0474 16.8901 -0.0166617
40 1.67352 7.13709 8109 24.5804 17.4051 -0.0160251
41.0001 1.69104 7.23214 7788 25.1777 18.2086 -0.0206672
42.0001 1.7064 7.33144 7496 25.713 18.8726 -0.0171646
43 1.71979 7.42774 7233 26.2436 19.5126 -0.016929
44 1.72747 7.51898 7009 26.7797 20.1906 -0.0167526
45.0001 1.73917 7.60476 6780 27.3098 20.8082 -0.0146332
46 1.75713 7.68688 6540 27.7565 21.2391 -0.012104
47.0001 1.77074 7.76605 6328 28.2536 21.7884 -0.01544
48.0001 1.78754 7.84444 6114 28.7432 22.2704 -0.0145527
49 1.80831 7.9187 5900 29.1765 22.8693 -0.012113
50.0001 1.82726 7.99119 5703 29.6175 23.4567 -0.0107743
51 1.84508 8.05887 5523 30.0624 23.9879 -0.0115433
52.0001 1.86063 8.12612 5358 30.5372 24.5031 -0.0101186
53.0001 1.88148 8.18985 5185 31.0444 25.119 -0.0131852
54 1.89569 8.25201 5041 31.4437 25.7078 -0.00712982
55 1.90807 8.31289 4906 31.9677 26.4516 -0.0148802
56 1.91967 8.37173 4779 32.4854 27.1258 -0.0158744
57.0001 1.92721 8.42754 4670 32.8739 27.6687 -0.00965887
58.0001 1.94184 8.48069 4550 33.2257 28.1096 -0.00508109
59.0001 1.95344 8.53181 4443 33.6274 28.5661 -0.00744945
60 1.96076 8.58047 4349 34.0718 29.1799 -0.0104313
61 1.96416 8.62827 4266 34.4621 29.636 -0.00654828
62.0002 1.97343 8.67579 4171 34.877 30.0602 -0.0108697
63 1.98642 8.72554 4070 35.3259 30.612 -0.0137007
64 2.00091 8.77276 3971 35.7708 31.288 -0.0105563
65.0001 2.00884 8.83164 3888 36.2558 32.0536 -0.0152775
66.0001 2.02706 8.89911 3787 36.7234 32.7384 -0.0135187
67.0001 2.03956 8.96572 3701 37.167 33.5057 -0.0124844
68.0001 2.04892 9.03208 3625 37.5319 34.1726 -0.00738034
69.0001 2.04998 9.0975 3567 37.8514 34.7606 -0.00580731
70 2.06808 9.16133 3480 38.2253 35.3494 -0.00839794
71 2.0758 9.2256 3414 38.6194 35.9652 -0.00963613
72.0001 2.08747 9.29036 3343 39.0105 36.5814 -0.00973151
73.0001 2.10099 9.3531 3273 39.3273 36.98 -0.00634207
74 2.12227 9.41444 3193 39.729 37.6868 -0.012165
75.0001 2.12397 9.47489 3147 40.0551 38.1742 -0.00645247
76.0001 2.14025 9.53379 3079 40.4885 38.8026 -0.00950437
77.0001 2.15511 9.59313 3016 40.8808 39.3186 -0.0061317
78.0001 2.16226 9.65329 2968 41.1879 39.9184 -0.00336133
79 2.16412 9.71348 2929 41.4666 40.3512 -0.00249176
80.0001 2.16626 9.77314 2890 41.8073 40.7264 -0.00704764
81 2.179 9.83059 2836 42.1812 41.0301 -0.00748121
82.0001 2.18784 9.88661 2789 42.52 41.5552 -0.00620587
83.0001 2.19557 9.94412 2745 42.8258 41.8324 -0.00474632
84 2.2007 10.0032 2705 43.1224 42.312 -0.00553035
85.0001 2.20835 10.0632 2662 43.4689 42.7916 -0.00679265
86.0001 2.21015 10.1231 2627 43.7968 43.2317 -0.00661392
87 2.2192 10.1821 2584 44.1534 43.5484 -0.00837801
88 2.23889 10.2391 2529 44.5411 44.1262 -0.00783843
89.0002 2.23959 10.2953 2498 44.8987 44.5067 -0.00721652
90 2.24812 10.3521 2459 45.2183 45.0997 -0.00551352
91.0001 2.26188 10.4087 2416 45.536 45.7042 -0.00542352
92 2.28185 10.4657 2367 45.9333 46.1281 -0.00792457
93 2.2825 10.5236 2340 46.2869 46.6193 -0.00586661
94 2.29254 10.5826 2304 46.6155 47.4073 -0.0034968
95 2.30303 10.6431 2268 46.9897 48.2984 -0.00674015
96 2.30939 10.7033 2237 47.362 48.9834 -0.00807023
97 2.31046 10.7615 2212 47.7395 49.356 -0.0065453
98 2.31791 10.8186 2181 48.1484 49.9534 -0.00910595
99.0001 2.32101 10.8739 2155 48.476 50.5879 -0.00511029
100 2.32734 10.928 2127 48.6977 50.7048 -0.00274708
101 2.3423 10.982 2092 48.9196 51.0954 -0.00330547
102 2.34963 11.0351 2065 49.1585 51.479 -0.0027348
103 2.35487 11.0869 2040 49.4385 52.1013 -0.00508119
104 2.36817 11.1376 2008 49.7991 52.74 -0.00794232
105 2.3801 11.1886 1978 50.1156 52.9508 -0.00603916
106 2.39141 11.2395 1950 50.4108 53.2959 -0.00406049
107 2.40518 11.2908 1921 50.6295 53.5336 -0.00262622
108 2.40881 11.3417 1901 50.9184 53.9427 -0.00478683
109 2.41716 11.3931 1877 51.2703 54.7457 -0.0064381
110 2.41847 11.444 1859 51.5767 55.2644 -0.00500605
111 2.42161 11.4938 1840 51.9021 55.9071 -0.00659454
112 2.4259 11.5428 1820 52.2324 56.5336 -0.00753409
113 2.4385 11.5915 1794 52.5697 57.3272 -0.00829523
114 2.44903 11.6401 1770 52.8981 58.0044 -0.00613144
115 2.46153 11.6889 1746 53.1227 58.5945 -0.00155531
116 2.45888 11.7378 1734 53.3245 59.0876 -0.00132507
117 2.46917 11.7868 1713 53.5131 59.2819 -0.000579212
118 2.4733 11.836 1697 53.7315 59.9154 -0.00150786
119 2.47939 11.8852 1680 53.9452 60.4908 -0.000293829
120 2.48999 11.9343 1660 54.1722 60.8639 -0.00027612
121 2.49193 11.9836 1646 54.4585 61.3502 -0.00348252
122 2.49815 12.0328 1629 54.7639 62.1478 -0.0061819
123 2.50755 12.0804 1610 55.0967 63.2226 -0.00453503
124 2.50261 12.1282 1601 55.3493 63.8321 -0.00302413
125 2.50365 12.176 1588 55.5952 64.3357 -0.00399319
126 2.51504 12.2237 1568 55.8953 64.8154 -0.00466033
127 2.52442 12.2703 1549 56.2992 65.5356 -0.00878009
128 2.53791 12.3177 1527 56.821 66.4386 -0.0157552
129 2.54263 12.3649 1511 57.3071 67.8036 -0.0128867
130 2.54937 12.4114 1495 57.6146 68.5756 -0.0063668
131 2.55974 12.4576 1478 57.8356 68.877 -0.0031748
132 2.56411 12.5043 1465 58.0572 69.4673 -0.00375447
133 2.57464 12.5517 1448 58.4001 70.2202 -0.00674063
134 2.56705 12.6002 1442 58.6866 70.7863 -0.0037909
135 2.57438 12.6495 1428 58.8862 71.1698 -0.0015991
136 2.57034 12.6988 1421 59.0298 71.5359 -0.000760206
137 2.56815 12.7482 1413 59.1983 72.1246 -0.00206778
138 2.57268 12.7975 1401 59.3951 72.2948 -0.00389029
139 2.57654 12.8461 1389 59.7262 72.7158 -0.00546693
140 2.5808 12.8953 1377 60.0393 73.067 -0.00410966
141 2.58231 12.9443 1367 60.2624 73.6265 -0.00071245
142 2.58991 12.9918 1354 60.4628 73.873 -0.000351733
143 2.59254 13.0385 1344 60.673 74.0578 -0.000692122
144 2.6052 13.0846 1329 60.8256 74.3501 0.000244545
145 2.59912 13.1304 1324 60.9864 74.6562 -0.000578867
146 2.59957 13.176 1315 61.2188 74.9487 -0.00363681
147 2.6243 13.2215 1293 61.6389 75.7234 -0.0104561
148 2.63249 13.2667 1280 61.9805 75.974 -0.0053145
149 2.64009 13.3113 1268 62.1999 76.4724 -0.00253754
150 2.64443 13.3556 1258 62.3938 76.6959 -0.000979335
151 2.65939 13.3991 1243 62.5862 77.1249 -0.000784296
152 2.66875 13.4422 1231 62.7758 77.7111 -0.00249864
153 2.67884 13.4851 1219 63.0361 78.1636 -0.00201207
154 2.68945 13.5282 1207 63.2583 78.4913 -0.000878153
155 2.70441 13.5719 1193 63.5907 78.8038 -0.00443612
156 2.70655 13.616 1185 63.8753 79.6033 -0.00335806
157 2.71827 13.6601 1173 64.1063 80.1425 -0.00071273
158 2.72437 13.704 1164 64.3153 80.6945 -0.000799206
159 2.71894 13.7476 1160 64.5375 81.0215 -0.00105267
160 2.72209 13.791 1152 64.8021 81.513 -0.00475468
161 2.72516 13.8348 1144 65.0568 81.969 -0.00369519
162 2.74064 13.8786 1131 65.2615 82.6357 -0.00194281
163 2.74781 13.9222 1122 65.4586 83.2895 -0.000674178
164 2.75784 13.9651 1112 65.6616 83.8552 -0.00227003
165 2.76068 14.0063 1105 65.8888 84.4824 -0.000678359
166 2.76363 14.0467 1098 66.094 84.9459 -0.000580873
167 2.77182 14.0864 1089 66.2995 85.1248 0.000294232
168 2.78314 14.1262 1079 66.5091 85.5423 0.000578029
169 2.79699 14.1661 1068 66.7313 86.3698 -0.000265705
170 2.80576 14.2062 1059 66.9859 86.4449 -0.000410374
171 2.8203 14.246 1048 67.2213 87.2969 -1.33257e-05
172 2.83033 14.2854 1039 67.424 87.9423 -0.000418735
173 2.84862 14.324 1027 67.6487 88.3117 -0.00102683
174 2.84584 14.3625 1023 67.8614 88.3902 -0.00131284
175 2.84842 14.4006 1017 68.1467 89.0107 -0.00287572
176 2.85052 14.4386 1011 68.5008 89.7406 -0.00589087
177 2.84621 14.4771 1007 68.974 91.181 -0.00842223
178 2.84439 14.5159 1002 69.4123 92.8421 -0.00889449
179 2.85124 14.5536 994 69.7786 93.8303 -0.0044992
180 2.8588 14.5902 986 70.0833 94.9641 -0.00401228
181 2.85571 14.6261 982 70.3102 95.7318 -0.00214984
182 2.86926 14.6615 972 70.6089 96.0142 -0.00489306
183 2.88505 14.6971 961 71.0767 96.5308 -0.00665539
184 2.8901 14.7319 954 71.5023 97.0981 -0.00667484
185 2.8903 14.7666 949 71.7141 97.3312 -0.00119577
186 2.89641 14.8016 942 71.9568 97.2015 -0.00227866
187 2.91268 14.8364 932 72.1286 97.4528 -0.000107269
188 2.92658 14.8706 923 72.3264 97.7137 -0.00027757
189 2.93425 14.9047 916 72.5567 98.0893 -0.00176176
190 2.94525 14.9389 908 72.7676 98.4792 -0.00281519
191 2.9474 14.9736 903 72.9888 98.3182 -0.00262916

