x,y,z,r,vx,vy,vz,path,dist
7.11643,3.38126,6.06028,2.12967,0.000107784,-4.59973e-05,-0.000149745,79.1025,163.464
13.3748,9.15128,10.0081,4.02689,0.000134882,-6.63691e-05,3.90845e-05,79.7516,132.31
15.7676,14.9379,8.30529,0.465414,0.000100518,-7.82354e-05,7.51009e-05,81.5235,44.9405
15.3947,8.45045,5.13178,0.492182,0,0,0,69.4008,133.489
14.5985,13.924,5.66575,2.59478,0.00040063,-0.000151132,-3.93693e-06,85.1696,366.944
4.48022,4.62943,12.1863,1.15564,0.000191824,-7.03656e-05,-0.000114217,86.4136,162.765
8.45045,4.43682,11.0094,3.01039,0.000127216,5.95871e-05,3.48921e-05,81.6746,256.687
14.4129,19.0282,10.0801,4.19532,0.00017739,3.18523e-05,-0.000167219,79.7246,70.0438
11.0536,17.3635,2.00532,0.324181,0.000152261,3.44876e-05,-5.94795e-05,84.0717,192.114
3.3354,3.14133,4.52302,0.647242,3.08873e-05,-0.000113459,-1.68683e-05,86.6785,218.77
16.2203,13.8912,17.1069,5.17502,-3.07668e-05,5.95219e-05,-3.14848e-05,71.9266,139.739
6.75721,0.479098,3.77477,1.59478,9.8739e-06,-6.73073e-05,-3.34075e-05,73.8784,5.53612
5.4194,3.63287,15.5868,2.55931,-1.18508e-05,9.99791e-05,-9.95306e-05,88.4651,251.155
11.0579,6.54837,17.0255,4.00028,-0.000119308,0.000202305,6.07291e-05,79.6707,42.9587
11.3587,19.4479,1.20649,1.50884,0.000222462,-3.48239e-05,-7.55683e-05,82.7334,162.883
1.43239,0.946512,18.8456,3.34651,0.000113142,0.000113411,7.13033e-05,88.3658,29.8823
0.136796,14.8908,6.26985,11.656,0.000181963,-5.79714e-05,-6.56916e-05,67.1286,91.2475
22.973,9.99792,7.08001,6.64805,6.1515e-05,5.99592e-06,6.47447e-05,69.8363,29.0544
27.241,13.7291,11.8024,0.482629,0,0,0,66.1949,49.9502
28.2296,10.7722,16.1661,4.12099,5.22069e-05,-8.50441e-05,7.97493e-05,73.0998,66.2903
28.9455,14.3345,3.32366,0.594274,0,0,0,74.7701,115.451
29.7756,14.9581,15.6132,0.35129,0,0,0,69.1673,61.2858
27.8288,15.1093,1.38287,0.676698,0,0,0,67.8895,47.627
30.0615,6.1198,11.4113,0.548906,0,0,0,70.2687,266.164
32.9309,14.0398,10.1262,4.81361,4.46406e-05,-1.67153e-05,0.00014146,69.7158,26.6196
31.4864,8.3546,6.59105,2.16266,4.30934e-05,6.63979e-05,0.000109374,76.2411,103.163
36.2331,6.25662,15.9517,5.50926,0.000101068,-2.50982e-06,2.03238e-05,70.678,61.1403
28.3257,3.70426,14.3275,0.262962,0,0,0,69.3404,54.0107
29.574,19.1976,4.93499,3.37293,3.00107e-05,-0.000147483,0.000134418,70.4077,61.1904
35.6065,7.59724,8.39267,2.41383,-3.93485e-05,4.13558e-05,7.25924e-05,75.3455,18.7612
21.4873,2.92932,18.5033,7.74322,-0.000127919,2.34102e-05,5.17243e-06,62.6124,13.8466
10.2005,20.4682,9.16075,0.20854,7.42649e-05,4.11582e-05,2.13334e-05,71.4313,13.6276
18.3546,22.63,8.62489,1.39672,0.000256642,-0.000130153,-0.00014984,87.7255,114.992
9.44474,22.8861,11.4503,1.66426,5.61029e-05,4.8191e-05,3.1225e-05,84.4931,25.3243
15.3101,23.3829,6.86973,1.2946,-6.59602e-05,-4.95672e-05,-0.000339753,88.4019,115.833
11.0539,24.2012,6.77412,3.04253,-1.47492e-05,7.53739e-05,0.000113152,73.5871,54.4361
5.40127,29.1397,9.89761,5.20082,-6.49e-05,5.50327e-05,-6.14097e-05,80.3687,84.2805
14.0297,24.1523,9.48811,0.92941,0,0,0,81.7914,105.205
0.806858,32.2939,8.36127,0.58083,-0.000125586,-4.54229e-05,4.18457e-05,69.7248,55.297
14.2287,24.293,18.3917,5.65798,6.94796e-05,-3.54358e-05,-4.89328e-05,72.4036,19.2834
19.392,34.883,8.47042,11.0263,0.00023567,-0.000142623,-0.000103925,67.4431,36.6976
8.02073,30.5225,17.7113,3.35645,0.000147393,-3.06174e-05,-0.000207968,81.3455,90.7205
1.60542,34.6743,10.8686,0.480436,-1.95961e-06,-4.78739e-05,6.22174e-05,80.9016,37.0716
16.9927,23.4178,12.0827,1.31346,9.55419e-05,-6.27938e-05,2.49789e-05,86.2105,215.987
4.26256,36.3617,15.2505,4.23217,-0.00018225,-0.000123946,0.000139656,71.0215,97.3719
0.686952,29.1416,4.35393,2.21364,4.2009e-05,-5.47728e-05,-9.89181e-05,75.389,11.1992
12.8818,32.7503,19.4787,2.28906,0.000200975,-0.000219752,-0.000261874,88.5288,148.341
20.3179,20.2516,0.282439,7.55765,0.000234231,-4.48661e-05,-0.000122199,79.0167,214.356
24.8109,20.7671,13.828,7.15576,5.25576e-05,-5.14717e-05,3.77917e-05,69.9377,50.0339
23.5339,27.7541,0.28084,0.597603,9.02725e-05,-0.000155376,-0.000178493,89.3139,94.7475
29.2487,22.6485,7.40551,0.874486,-8.46566e-05,-3.82182e-05,-3.64269e-05,76.9502,76.4076
28.9596,25.2681,9.5023,0.293416,-0.000108012,-1.85677e-05,6.29783e-06,70.7703,16.5197
28.9564,27.5352,12.7423,0.855244,-9.92454e-05,4.34251e-05,0.000131838,67.31,15.4875
28.1673,27.507,11.3039,0.785796,0.00020594,-0.000163915,-1.28092e-05,72.9647,67.5984
31.6491,35.1436,9.36996,1.10441,-2.84648e-05,0.000207216,-0.000168706,68.9964,48.3163
31.0954,34.1445,11.1594,1.01945,0.000261473,0.000527177,7.00099e-05,73.5835,331.265
35.5804,38.1883,7.63582,1.92122,-3.27337e-05,0.000127015,-1.99831e-05,70.2944,1.61293
29.3836,27.2582,0.467572,5.00125,0.000245621,6.94836e-05,-0.000477861,74.5408,180.823
32.7456,38.2708,10.496,2.10668,-5.35415e-06,1.55942e-07,5.40184e-06,66.5968,58.3975
31.7467,36.7338,7.27828,1.52547,0.00020049,0.000157069,-0.000187234,81.6404,97.5507
32.2913,22.2945,15.5254,0.62986,-3.25565e-05,-2.29715e-05,3.23594e-05,70.9966,53.3499
38.9364,26.9832,8.92059,9.84755,-0.000141317,9.03278e-05,-9.70178e-07,60.0793,79.8193
39.8695,35.3329,1.26487,1.89025,-5.61304e-05,3.66453e-05,-0.000116992,72.2606,83.819
12.284,9.75296,20.676,0.898204,0,0,0,82.1246,45.2042
20.0332,19.6888,23.3944,3.69256,0.000156856,4.87526e-05,-2.68982e-05,74.2283,87.3342
13.595,15.0589,22.2856,0.745904,-1.5675e-05,3.05309e-05,-3.75378e-05,73.6978,118.607
15.8638,10.6398,27.7189,6.61627,-3.53463e-05,9.04594e-05,2.53248e-06,71.2122,108.798
17.089,14.6802,37.5405,4.72218,-1.88419e-05,-3.86246e-05,1.81706e-05,69.883,132.412
1.84391,11.3122,37.2964,11.2387,-4.19252e-05,6.01372e-05,2.32544e-05,70.1761,64.6229
17.9115,16.5467,31.5551,0.719146,-2.15755e-05,4.28981e-05,3.85858e-05,83.5204,276.344
18.6345,17.6179,27.5694,0.893683,2.12223e-05,5.34489e-05,-1.14491e-06,81.8152,40.5655
2.34361,4.10277,27.13,0.908501,-3.27286e-05,1.99558e-05,5.53816e-06,78.1876,176.036
12.3904,15.1467,32.2963,0.685187,0,0,0,72.6863,51.683
12.1845,18.6837,37.2873,1.46322,-2.76456e-05,3.94253e-05,5.14255e-05,87.9414,164.892
19.4942,2.4953,28.3185,2.32131,-6.70948e-05,9.20807e-05,1.22118e-05,66.0317,50.5929
14.3687,19.6222,36.7477,0.975137,-3.89167e-05,-0.000117618,-0.000216196,84.4891,454.719
18.9758,19.9002,34.1137,0.633386,-2.82383e-05,1.11646e-05,1.88864e-05,66.9139,54.7417
15.7005,0.721829,39.4154,9.58555,-1.26199e-05,7.23315e-06,6.23915e-06,72.1085,92.9577
20.2518,4.06359,30.8032,0.713311,-3.88976e-05,4.5235e-05,1.36406e-05,73.2219,165.666
23.8486,13.5161,22.0796,3.99954,-3.04899e-05,-3.8337e-05,-2.78254e-05,79.0887,84.3359
28.6371,7.37512,20.6066,0.913709,0,0,0,69.1813,32.3442
36.3786,17.7031,24.1418,9.95029,-2.47386e-05,9.69095e-06,5.12938e-05,63.3105,84.2321
22.0191,10.2533,38.1327,1.93762,-2.25776e-06,1.4386e-05,7.17294e-05,84.3666,154.218
29.4546,6.67992,31.1851,8.86281,-2.97592e-05,1.02718e-05,2.70442e-05,61.1226,85.2859
38.34,15.5912,37.4704,4.29334,-7.40171e-05,-6.87215e-05,1.44405e-05,78.0003,122.788
23.1192,18.0728,36.4862,0.305005,0,0,0,67.0726,161.037
23.5205,18.1034,31.0742,5.12192,-5.1626e-05,2.75778e-05,3.88637e-05,75.2282,130.817
39.0323,6.29025,26.5484,0.791936,0,0,0,66.2682,11.6539
37.8442,6.1007,38.0593,2.20127,1.525e-05,-0.000120539,-4.88232e-05,76.7252,9.39648
37.7411,2.59775,36.2782,1.74021,-4.27795e-05,-8.70142e-05,5.47545e-07,80.3774,95.377
22.2491,0.888396,26.9484,0.6233,0,0,0,74.6512,307.86
10.1171,30.3407,25.5008,4.95667,8.97356e-05,0.00021501,-0.000243965,80.2792,41.7784
12.3845,21.3891,36.7725,0.871467,-0.000163839,-0.000154371,-9.3002e-05,89.9879,119.388
6.95386,36.7089,23.0657,0.418583,0,0,0,80.6268,216.923
15.3084,27.6047,24.5465,0.661415,0,0,0,76.4365,100.602
8.80408,28.6606,33.798,3.85271,-0.000214575,-8.2292e-05,-0.000448418,72.189,28.5531
13.8628,29.0236,30.7034,1.61792,-8.56842e-05,9.98274e-05,-0.000171465,84.2707,45.3244
5.58417,27.4324,29.4336,1.79575,-0.000354825,0.000763251,-0.000507064,86.8843,150.324
5.39446,38.691,23.0034,0.877062,0,0,0,86.1939,99.6094
13.2365,32.5619,29.999,0.937092,-4.58434e-05,1.48565e-05,-3.97096e-05,80.9947,86.9027
11.9237,25.3962,34.8283,0.240519,-0.000169392,-6.75848e-05,-0.000131016,73.6246,219.864
17.0462,38.7728,37.1013,0.716024,-3.28058e-05,0.00010317,0.00012185,75.693,5.349
13.5555,21.6076,29.9099,5.88908,4.89825e-05,0.000149576,-0.000337318,67.1146,70.3473
12.8517,31.5124,32.0526,1.40118,-0.00018301,-2.22073e-05,-0.000110758,76.6133,36.1901
2.42408,33.856,23.0357,4.23982,-0.000110566,3.50014e-05,0.000188062,81.2146,79.3314
1.60678,36.6113,27.0469,0.602733,0,0,0,71.9142,138.521
8.83004,23.0108,37.2653,2.94722,-0.000375373,0.000215869,-0.000111389,74.7363,139.225
4.55887,22.8612,33.6663,1.16604,0,0,0,78.3157,70.3621
3.58853,23.1174,38.3697,0.743526,7.59717e-06,5.14073e-05,4.67369e-06,81.9002,594.005
30.8194,20.2727,35.0737,2.58634,-0.000251635,0.000105275,-6.17993e-05,85.3217,17.1959
24.439,20.4507,21.9767,0.998676,0.00013039,2.25492e-05,-4.1959e-05,74.233,33.18
28.5316,35.6632,26.8667,14.9814,-2.89996e-06,0.000127177,0.000105165,60.1446,61.1735
41.2746,13.4218,11.6825,4.45382,4.99589e-06,3.39273e-05,2.3898e-05,73.9891,43.3712
44.2601,8.28223,15.9466,0.6661,0,0,0,63.9557,53.0009
55.132,11.958,6.06717,0.651057,5.403e-05,9.08917e-06,2.59231e-05,68.8837,5.2919
46.0055,12.4325,10.3193,0.544269,-1.34387e-05,-9.28609e-06,-1.33228e-05,74.9364,68.1116
56.5546,18.0985,7.80922,1.00404,2.63355e-05,1.50457e-05,1.3303e-05,82.6192,131.084
53.6332,16.1647,3.67415,4.41579,0.000104748,-1.62189e-05,-1.02901e-05,71.0842,9.06686
47.3354,17.7802,4.1511,0.263699,3.13278e-05,2.04077e-05,3.52014e-05,74.901,12.4668
57.2775,10.7459,1.63152,2.60598,0.000131753,-1.73032e-05,9.56208e-05,74.0852,19.5466
51.8917,16.4998,16.1547,8.68866,-5.8556e-05,6.14386e-05,-2.30195e-05,60.3028,66.506
48.7818,19.1989,7.47485,0.919027,-1.87107e-05,1.62392e-05,-5.22229e-05,69.2783,192.417
49.3304,0.788379,7.11043,11.9795,0.000143657,-4.10524e-05,0.000100318,64.5304,109.615
40.5636,0.221276,18.1478,2.34641,2.45903e-05,-1.59884e-05,7.59074e-05,77.8455,21.696
61.4372,6.34994,18.0238,4.764,0.000306016,-3.21755e-05,5.17655e-05,67.8094,30.4476
78.489,1.9446,1.21856,2.67805,6.38072e-05,-7.4862e-05,-0.000181282,79.1699,14.8787
80.2962,4.59984,13.3704,0.849885,0.000232721,8.28595e-07,3.64472e-05,79.8387,117.876
76.81,3.07165,13.8747,2.99077,0.000237544,1.05072e-05,-0.000126808,75.7349,77.2728
63.8871,12.7452,8.62431,7.57561,7.8992e-05,-2.49533e-05,5.11391e-05,64.6646,18.3543
64.0836,11.937,0.686946,0.140601,0,0,0,79.7434,25.757
74.5532,6.31124,13.7398,0.642768,0.000183166,4.70901e-05,-5.14389e-05,81.7257,150.972
61.5401,3.22219,10.8711,1.02823,0.000159655,3.18246e-05,4.91747e-05,74.8399,140.976
67.9147,6.04048,8.0927,0.256593,0,0,0,69.6854,70.2858
68.5686,5.94297,3.41142,2.20863,6.37191e-05,-6.58559e-05,7.3824e-05,75.1877,2.69487
72.8191,0.601086,6.90382,5.54421,0.000201424,-5.96838e-05,-6.54001e-05,70.3136,27.1115
69.893,5.11312,15.0485,4.34484,0.000225172,-7.54463e-05,-0.00013165,64.971,29.5126
72.5493,0.154227,14.2117,1.34408,3.2855e-05,-0.000145285,-0.000120986,73.3272,62.6648
61.588,17.93,15.2076,1.04955,0,0,0,69.2107,54.4751
71.7208,6.28049,3.14049,0.973293,3.87341e-05,4.14738e-06,-3.3292e-06,74.5721,124.307
67.6739,8.80226,1.71642,1.26023,4.97924e-05,-8.46224e-05,8.70334e-05,80.9249,25.0981
64.3168,2.29427,6.51145,3.21733,0.000198954,-3.94326e-05,2.09633e-05,73.716,67.9805
67.0638,17.9077,16.2975,0.356895,-7.19026e-05,5.95501e-06,-2.77003e-05,73.4302,12.4568
74.792,2.95116,18.6081,1.706,6.85316e-05,3.61435e-05,-0.000113655,78.07,13.9485
53.1262,20.0895,7.46143,0.797615,4.74479e-06,1.37969e-05,-3.34132e-05,72.91,58.7936
57.0141,21.2923,6.52561,2.35636,-5.79671e-05,2.12803e-05,9.3841e-05,83.985,558.617
50.6294,21.3216,7.0101,1.72677,-6.58793e-06,2.00932e-05,-5.66992e-05,81.9572,100.576
58.0007,22.0761,10.2603,1.4684,-2.00008e-05,-4.1744e-06,-5.04877e-05,78.0614,134.673
50.3441,23.4933,6.85978,0.468804,-1.33627e-06,1.0174e-05,-7.04185e-07,71.6176,97.6529
43.9072,21.641,17.498,0.545465,0,0,0,71.1013,48.0009
48.0983,31.5636,7.96384,0.427092,-7.29579e-05,3.2064e-05,-2.35471e-05,70.5994,119.295
53.8197,29.0491,9.81043,6.09014,-0.000108786,3.11127e-05,4.6979e-06,68.4667,116.471
51.8076,34.8381,11.8012,0.353962,-1.12894e-05,3.24804e-05,1.11697e-05,66.2599,124.765
47.7105,36.4535,8.98957,3.94807,-3.10975e-05,3.343e-05,-6.77637e-05,66.6691,81.4187
52.4921,35.9641,10.0743,0.956648,-4.33759e-05,3.16639e-05,-2.41615e-05,74.6166,105.058
57.4352,35.0391,11.0545,1.01617,-9.03104e-05,9.1396e-06,-2.19893e-06,73.6919,24.7026
45.4821,34.6765,13.6715,1.306,0,0,0,77.9798,247.354
50.0498,34.0492,13.0122,0.943572,-6.63126e-05,3.40312e-05,1.91764e-05,75.9542,23.6684
54.7211,32.0268,3.44798,0.988581,0,0,0,70.7601,190.061
46.6792,36.2731,4.42215,0.580473,0,0,0,68.2264,39.8394
48.2484,31.857,6.67384,0.893596,-8.62534e-05,3.01599e-05,-4.77235e-06,75.1772,199.176
56.4119,27.4622,17.569,0.588556,0,0,0,63.277,40.6456
48.7248,33.0845,2.11387,3.85288,-0.000112074,-3.45722e-05,-6.67947e-06,69.7276,103.977
46.221,28.9819,0.956769,1.09115,-7.9241e-05,-3.39756e-05,-1.4819e-05,78.7581,79.3076
56.1024,39.6843,4.62897,6.56202,-6.17506e-06,-0.000122522,-8.2545e-05,65.8032,192.399
45.5956,40.1282,8.93689,0.289039,0,0,0,79.0333,138.037
50.7606,24.4821,0.339758,5.33074,-5.44622e-05,9.89883e-06,2.5468e-05,76.9559,287.591
53.5844,31.0209,0.12657,1.80175,-4.45329e-05,-6.1446e-06,0.000150599,78.7562,29.487
80.1473,36.216,18.1649,1.10224,-0.000177052,-6.6336e-05,0.000108859,92.2417,48.2588
60.3366,21.4246,8.49352,1.50753,-3.38397e-05,-5.29211e-05,4.9774e-05,74.1094,114.735
61.5782,34.7549,11.1216,3.13747,-9.68174e-05,3.4883e-05,-5.04835e-05,76.2747,105.919
79.2087,28.2665,9.16139,0.427768,0,0,0,68.3942,113.846
75.3781,32.6693,13.1694,6.34983,-0.000124997,2.6539e-05,2.87973e-05,72.0251,18.4073
64.2831,25.6529,14.8913,7.11734,-0.000115073,4.93723e-05,2.09489e-05,64.8147,19.8154
66.5816,36.1712,19.6876,5.68304,-0.000111665,2.75114e-05,2.55758e-05,71.5357,22.5099
55.0464,6.8109,24.9721,5.0259,7.84085e-05,9.61544e-05,-6.86819e-05,68.1448,9.04742
49.0906,13.6099,28.6555,4.76509,-2.72345e-05,4.66528e-06,7.39435e-06,69.4008,18.9187
46.4455,12.6446,23.4337,1.16683,1.36649e-07,6.56424e-07,5.37292e-08,68.2814,143.102
42.5702,8.53102,33.2574,5.05259,-3.75727e-06,-5.75563e-05,1.78271e-05,68.8084,90.4628
40.999,14.1873,33.1979,0.80747,1.5206e-05,-1.15705e-05,2.98044e-05,75.1655,189.816
50.635,6.27452,32.1636,3.54053,1.28976e-05,-6.29709e-06,-0.000103852,66.2941,125.917
55.6185,3.15447,30.7846,1.92858,2.14781e-05,9.7425e-05,-3.87646e-05,71.4318,104.365
57.6107,14.8297,27.3744,4.48254,-6.81303e-05,8.1005e-05,8.05867e-06,67.9099,35.2912
44.9713,5.5629,22.854,6.08982,1.39775e-05,5.938e-06,2.85582e-05,66.5241,28.2213
58.1679,8.3766,33.1835,4.38177,-1.56077e-05,5.6241e-05,-4.90747e-05,67.8718,126.935
44.473,17.272,33.0656,2.62932,6.92484e-05,0.000108245,-3.30939e-05,79.9214,219.07
41.8673,19.2877,39.2936,1.07185,-5.05236e-05,1.13714e-05,-7.00881e-06,81.0902,94.1628
46.8701,19.9725,33.5737,0.873406,0,0,0,73.9506,136.286
60.0934,1.59456,30.4827,2.83054,1.59167e-05,0.000121436,-1.03707e-05,73.208,92.8504
47.3916,19.972,30.5556,2.09836,-1.27171e-05,1.95641e-05,-0.000104708,74.3065,131.096
79.7342,16.8584,21.1787,13.2628,-8.02866e-05,0.000113438,4.53169e-05,66.1709,2.4891
61.9484,1.04595,24.3729,3.5914,0.00020105,4.02813e-05,4.81699e-05,66.6306,141.8
64.5711,8.45811,26.7561,4.91633,0.000101729,6.05326e-05,5.26093e-05,66.5485,43.1023
74.8526,4.33649,29.0946,0.498325,0,0,0,60.4225,106.475
67.0903,13.01,27.3002,0.315009,3.99693e-05,7.22182e-05,8.63238e-06,63.6036,47.1211
70.5549,9.41646,30.6366,2.35705,-5.37084e-05,0.000157,0.000156259,73.9306,37.0475
63.6685,15.5247,20.589,5.20124,-0.000108029,3.67295e-05,2.78327e-05,64.1256,47.0592
68.9077,7.72248,22.1754,0.629815,0,0,0,64.5665,68.9617
71.1099,1.00921,24.7147,5.68552,0.000125658,3.22721e-05,-9.05631e-05,66.6675,139.06
67.7721,13.2405,27.2184,0.26064,0,0,0,66.0853,66.4786
67.0133,19.1024,25.8949,0.490652,-0.000103746,2.44604e-05,6.82503e-05,72.3933,57.5358
67.3349,3.57966,36.7631,6.97861,-3.57942e-05,9.56408e-05,7.52998e-05,67.2919,104.89
65.9013,18.4135,35.3017,8.86355,-0.000150352,9.12821e-05,8.95466e-05,64.8404,125.908
61.9541,18.0547,26.2001,0.900942,0,0,0,71.2371,39.2477
66.1081,19.106,25.4758,0.506994,-3.57251e-05,1.42918e-07,-1.6542e-05,64.5498,154.408
79.6431,1.16791,24.896,3.10161,8.23756e-05,0.000159174,5.72151e-05,82.5763,75.5713
61.9385,8.87191,38.6222,0.805827,-6.86955e-05,6.73693e-05,2.36657e-05,75.626,28.7396
65.328,0.269581,29.5729,1.1118,0,0,0,65.9222,63.1489
63.2611,9.89477,39.8306,1.13954,-8.21793e-05,5.63509e-05,7.619e-05,89.5773,74.9411
47.3974,29.595,23.7411,9.751,-2.06076e-05,7.40958e-05,2.56777e-05,64.946,96.3562
59.3478,31.1649,21.1541,2.57744,-5.21041e-06,8.52232e-05,6.80102e-05,75.963,116.195
42.4831,23.8645,35.6803,4.79195,-8.54474e-06,1.71557e-05,3.10271e-05,74.1677,34.5987
52.7808,33.9953,31.9884,1.0365,1.98229e-05,1.62027e-05,3.0368e-05,73.7097,192.155
53.4974,20.8386,31.3953,4.14485,-6.45181e-05,1.72011e-05,2.48946e-06,70.7616,52.8838
55.4315,25.3727,29.5631,1.13727,-6.92862e-05,-7.33455e-05,-4.11595e-05,70.1996,116.459
55.1954,28.6896,31.4025,1.24907,-9.25193e-05,8.53903e-05,6.25619e-05,85.2052,207.37
58.0338,25.9109,32.5449,2.89404,-0.000165806,3.96661e-05,-8.35283e-05,74.7786,117.779
56.3887,21.1056,35.6807,1.03274,-0.000187028,-5.23972e-05,4.98488e-05,75.7446,11.6756
57.0636,22.7122,34.5829,0.992371,-0.000148788,0.000101751,1.14941e-05,79.4506,98.489
59.1493,33.6243,37.6284,0.721698,-2.00137e-05,-1.52519e-05,9.71522e-05,63.0654,118.794
56.8505,22.769,37.4056,1.40818,-0.000228593,-0.000190858,0.000172592,76.5989,50.7814
51.9216,29.3524,38.8809,6.95469,2.44543e-06,-5.78176e-05,8.51927e-05,66.6797,73.7862
59.5311,23.7193,25.0464,5.21071,-4.97407e-05,3.91238e-05,1.67874e-05,70.3337,120.148
60.3701,34.28,21.7381,0.714821,0,0,0,71.8629,5.28232
60.7134,34.8163,30.0358,7.1222,-5.76356e-05,3.06831e-05,0.000101768,69.8821,40.0012
66.5764,20.8497,22.3597,0.539563,-0.000124138,3.76566e-05,1.11421e-05,77.6956,109.601
64.3077,36.628,37.1457,1.04861,3.02784e-05,1.5262e-05,5.98938e-05,73.5725,212.513
74.6581,33.0225,23.0263,4.14703,-0.00010958,3.99456e-05,4.34702e-05,84.7559,301.404
66.2157,21.7608,25.1837,1.83221,-6.23805e-05,0.000131666,0.000124987,77.2453,206.35
68.0381,27.9497,25.4614,4.63536,-9.60496e-05,8.9309e-05,9.96354e-06,75.9483,121.807
67.4187,27.6771,33.5551,0.685699,-0.00012052,6.20598e-05,-4.66076e-05,65.2848,50.1497
63.7546,30.4231,40.0866,5.08502,-3.39455e-05,7.73522e-05,0.00015436,69.7306,26.9563
66.85,34.5099,35.4656,1.0794,-0.000113037,8.90125e-05,0.000160632,71.0126,31.3743
77.0035,31.084,35.3238,9.64078,-0.000133639,1.8328e-05,0.000118879,64.256,29.2273
68.0627,35.4398,38.936,0.942073,-0.000141431,6.89034e-05,5.71403e-05,73.2802,112.323
70.3615,37.0608,27.1079,2.80284,-4.95757e-05,-0.000146712,-4.58602e-05,78.7701,4.58738
6.50822,43.2283,11.8524,0.720447,-8.93805e-05,-0.000200101,0.000150266,69.7459,104.56
11.3523,51.1026,9.91713,8.72746,2.15331e-05,-0.000276082,0.000137412,73.0524,45.2282
8.07956,58.9837,19.7052,5.19019,4.85649e-05,-0.000246844,0.000187077,77.8425,161.62
8.68697,52.3383,19.5571,1.53024,-4.05549e-05,-0.000185435,9.69247e-05,84.3503,186.119
11.7967,41.7292,19.9716,6.82427,-3.12877e-05,-0.000314375,4.49766e-05,75.7961,38.1382
16.5569,59.5216,17.1636,4.40861,-0.000105146,8.0462e-05,-0.000220448,73.8038,18.359
14.8343,60.0718,6.26776,0.635615,1.14076e-05,1.27693e-05,0.000101951,73.7593,28.6562
2.93506,58.4746,13.6358,3.24137,0.000155818,-0.000198532,9.16174e-05,75.0582,43.7423
1.86061,40.9087,2.76629,9.74677,3.0221e-06,-4.84185e-05,6.86033e-05,69.0428,50.6987
5.87713,59.3066,7.09999,0.433024,0.000166953,-0.000217349,2.19188e-05,84.767,98.4045
1.28303,49.785,9.53307,1.45113,1.44081e-06,-9.56203e-05,0.000131294,83.5422,128.476
19.7555,44.5872,17.507,0.648266,-4.2045e-05,-3.5769e-05,-5.7199e-05,84.2612,119.993
12.889,45.7017,0.208207,2.93642,0.000131462,-0.000229298,0.000200866,83.1716,72.6572
12.2047,41.8372,0.0365086,0.992588,1.90642e-05,-0.00015316,8.82542e-05,82.7663,168.976
15.511,60.249,11.3152,1.74127,8.89615e-05,-0.000409105,-0.000190113,83.5965,99.7239
23.4157,48.0206,11.1133,4.346,0.000115081,-3.25198e-05,-6.19144e-05,80.6905,42.3005
26.9155,51.5818,14.5041,1.78922,3.56307e-05,-3.59706e-05,-5.88762e-05,99.2793,106.455
28.3053,48.0409,15.2341,2.08455,6.13525e-05,1.18505e-05,-8.45106e-05,81.5412,93.4761
32.8792,46.9919,8.23334,6.36029,9.79475e-05,0.000110582,-7.02276e-05,73.4952,95.706
27.9073,49.1664,18.9828,0.670202,-6.08809e-05,2.43971e-05,-0.000111154,74.7215,95.3963
35.1422,46.2727,16.0286,1.564,1.64919e-05,2.64679e-05,-2.70384e-05,74.2489,15.8569
38.9232,48.1841,11.7941,0.75607,7.28931e-06,-3.92162e-05,4.73859e-05,79.2742,281.223
36.914,56.6238,7.71305,4.3645,5.54395e-05,0.000145529,-0.000217988,71.2704,131.106
35.0946,59.2938,12.6259,1.54303,6.73053e-05,-0.000224017,-7.3771e-05,79.2214,53.6193
38.1694,57.3435,13.2979,0.935798,0,0,0,67.5124,61.1154
36.113,52.1888,4.58053,0.768763,6.96863e-05,0.000111992,-7.8717e-05,71.9187,175.41
39.1256,51.5476,4.40132,2.3009,6.9698e-05,6.50547e-05,-7.20094e-05,83.7026,285.096
25.6089,58.6407,19.5028,2.57536,-2.01862e-05,-2.9411e-05,-3.66623e-05,79.9497,53.4903
33.7143,54.0669,19.0889,6.93033,-4.47345e-05,-1.25035e-05,5.24418e-05,65.019,77.8939
22.4909,47.1469,0.225908,7.0399,5.88462e-05,-1.47147e-05,3.23514e-05,70.5016,62.589
15.1545,79.4416,5.95777,7.19697,-1.5216e-05,-9.6732e-05,7.67644e-06,70.866,74.9396
2.43116,79.2533,9.7796,5.44817,0.000268237,-1.39172e-05,-0.000112724,75.2515,121.38
7.09768,75.3448,9.71988,0.226079,0,0,0,66.9428,65.1971
7.60784,75.6755,7.24774,1.33729,7.21063e-05,-0.000293838,-0.000100493,69.608,80.6222
9.11255,66.4734,9.52839,7.79951,0.000220549,-0.000288098,8.14525e-05,67.2971,94.2753
3.37536,73.0561,18.4488,5.28151,0.000288699,0.000150021,-0.00018661,73.0242,3.76336
3.19248,72.9182,11.8914,1.30058,0.000347315,-3.84493e-05,-0.000183,84.4126,49.824
15.8196,78.2712,14.0721,1.12982,8.6428e-05,-5.60203e-05,-7.15156e-05,81.522,110.001
10.1798,78.7148,15.1431,4.684,0.000248043,0.000300861,0.000124459,73.0541,87.842
17.8636,70.5542,17.4944,7.64852,-2.34617e-05,5.02424e-05,4.36319e-05,67.4932,131.417
18.2766,69.5637,3.37784,4.04465,0.000111534,-6.46059e-05,-0.000109427,66.9469,25.9857
2.25708,64.5435,17.7506,3.60585,0.000415592,0.000141214,0.000373778,84.1915,122.776
0.670247,62.8187,11.8186,1.87126,8.40538e-05,-1.77265e-05,5.26872e-06,79.6709,81.8183
25.4734,60.3181,8.17827,9.16265,4.6622e-05,2.50303e-05,-2.54905e-06,69.6319,75.6454
35.1609,61.2483,6.74632,0.675634,2.04008e-05,9.61191e-05,-0.000211939,77.3744,47.7054
35.8294,62.2621,8.49022,1.44978,4.53311e-05,9.4897e-05,-0.000273941,72.0553,58.9826
21.2271,79.4747,0.180381,1.13904,0,0,0,69.463,82.8794
20.71,65.8473,1.2318,0.889509,0.000121305,-7.28105e-05,-2.55905e-05,79.5465,63.5947
30.4696,76.3202,6.82795,10.5461,-1.51202e-05,6.90948e-05,5.40424e-05,65.8344,79.5033
39.4173,75.8129,15.7357,2.08897,0,0,0,72.5463,22.5812
23.0717,68.5346,2.92676,0.881182,0.000102337,3.69534e-06,-9.24577e-05,78.0967,60.8419
4.3658,57.92,25.6329,1.90636,-4.20152e-05,-2.9905e-05,0.000164896,74.1802,22.1048
4.68865,58.1956,29.589,2.08625,2.10821e-05,1.70509e-05,0.000150446,75.0309,119.067
11.3486,52.0981,25.9437,5.50708,0.000101814,-0.00028404,-1.15087e-05,62.8088,86.0281
7.60817,53.5374,21.0946,0.451764,-2.14381e-05,-0.000247691,6.31868e-05,66.8458,160.202
8.91606,40.7228,32.7927,8.69079,-8.26384e-05,-1.35816e-05,0.000168489,60.3343,21.0229
4.48548,52.6534,34.1877,5.16028,-0.000109162,-5.81781e-06,0.000116498,64.55,40.013
17.6328,50.6747,33.4023,5.18152,-5.04759e-05,4.27282e-05,0.00015827,66.5727,10.5585
11.7272,57.617,33.21,4.02998,-0.000145282,-7.05724e-05,-8.99288e-05,62.2536,26.2301
7.62634,48.7578,37.416,0.669394,-1.13625e-05,7.07886e-05,4.07312e-05,79.2421,338.903
4.24734,55.4594,39.4147,0.614664,0,0,0,62.1291,99.2175
16.9516,55.2628,38.3968,1.20845,-1.03891e-05,-6.22106e-05,-1.40331e-05,77.4056,55.1841
11.914,59.0683,25.2221,1.5566,-0.000232456,-0.000216452,0.00038528,82.653,34.4089
37.0424,41.0415,38.9823,0.77365,7.92729e-05,5.00949e-05,0.000112849,68.7579,397.882
21.1785,50.9199,20.2491,6.3983,-5.66467e-05,1.62217e-06,-0.000186101,68.7205,61.6421
27.9972,55.7947,25.4638,1.36897,0,0,0,75.4545,53.4925
37.9711,58.8215,22.8653,0.379267,0,0,0,53.4721,60.1728
28.948,53.7069,34.6298,7.74001,-6.12472e-05,0.000149205,0.000162731,64.207,39.2514
38.4295,59.1308,28.8002,5.5764,-1.51703e-05,2.06098e-05,5.41693e-05,62.3269,25.161
37.6927,50.6485,27.7615,3.23212,0.000300691,1.00358e-05,-0.000116797,67.9551,113.896
39.6222,47.8928,36.2602,6.03046,-1.83186e-05,0.000122828,-4.11691e-05,68.3198,40.7769
38.6355,58.6626,39.3668,5.62318,2.21013e-05,8.48205e-05,3.70892e-05,69.1042,96.8789
30.3739,59.4787,26.257,2.90595,-3.66835e-05,-2.18715e-05,4.43858e-05,65.8912,7.80962
1.02205,61.0382,23.3988,3.18842,1.18955e-05,-0.000101873,6.50623e-05,74.0555,121.768
8.22735,66.6423,27.7924,7.29121,-7.191e-05,3.35993e-05,-6.76253e-05,64.6882,45.8943
14.5226,73.011,30.8904,2.40723,-3.11947e-05,6.51035e-06,-2.86565e-05,69.8748,41.0903
2.81385,72.3246,25.279,0.950431,-5.94243e-05,6.23755e-05,-2.75896e-05,72.5633,292.187
9.1819,71.5012,36.1331,2.48934,-2.36934e-05,4.31258e-05,-8.74677e-05,76.8151,34.6394
12.4715,71.4486,33.847,1.53572,-5.64635e-05,3.53632e-05,-9.26632e-05,70.8361,15.5193
9.54572,80.0602,25.9113,7.61473,7.77476e-06,7.20916e-05,8.43309e-05,70.6363,194.192
18.1729,79.0105,27.2538,0.446415,0,0,0,64.2901,31.5079
17.4736,72.5211,33.2928,0.786349,-6.57033e-05,6.22928e-05,-3.84001e-05,70.8811,73.574
17.4339,73.2454,32.5864,0.226252,-1.56191e-06,2.84963e-05,-2.77881e-05,66.1032,179.003
5.76419,62.7268,40.1014,6.70686,-7.66103e-06,5.24105e-05,-1.88996e-05,60.6964,43.416
29.6664,66.0996,20.7168,6.03549,-7.36029e-05,-2.72263e-05,3.51902e-05,69.4033,53.5572
20.3365,60.7885,27.221,7.31464,-0.000103334,-0.000101846,-0.000114281,64.5137,25.4953
30.6387,65.2654,31.3589,4.91842,-7.04955e-05,1.35805e-05,-6.0804e-05,65.1756,40.7705
33.402,77.2518,21.6099,6.40467,-2.52851e-05,1.01087e-05,2.90505e-06,70.4075,89.6482
26.7966,78.8393,23.6834,0.698327,-1.31048e-05,3.14953e-06,4.11365e-06,70.3314,158.444
28.231,63.3186,26.676,0.696192,-6.84311e-05,-7.95889e-05,-2.07387e-06,62.0428,19.807
38.5782,68.9963,26.6692,5.23504,-1.80723e-05,-3.22459e-05,-4.23292e-05,66.3999,38.7454
25.3636,65.1215,33.1482,0.570913,0,0,0,70.7927,114.704
33.0665,76.7325,30.3017,0.832994,0,0,0,62.5184,164.29
23.2932,73.7996,28.3792,6.9372,-4.29455e-05,-5.67039e-06,-5.50389e-06,65.1053,48.6724
32.2464,75.0791,29.111,1.31901,0,0,0,72.7115,119.578
32.1195,70.9469,31.0277,0.753856,0,0,0,73.5915,100.848
32.827,72.6427,29.2811,1.14827,0,0,0,61.2336,19.6786
22.65,73.3457,36.1192,0.41168,-3.62859e-05,-6.90964e-06,-1.79755e-05,66.0581,5.402
29.0313,65.3937,39.1606,0.585533,-1.85085e-05,-7.95562e-05,-1.01625e-05,68.1271,22.0596
40.0932,77.9956,22.967,0.404125,0,0,0,72.6009,349.597
40.8496,40.9906,14.3838,6.38394,-2.16671e-05,-8.27773e-06,-8.86264e-05,66.5702,16.6507
41.6842,55.1294,3.49062,2.19866,-8.69261e-06,4.13254e-05,-0.000176097,66.5428,43.1302
50.3804,42.0486,8.85463,0.842369,0,0,0,71.5931,125.941
47.5925,41.7338,9.98996,1.42084,0,0,0,70.401,68.6553
57.0346,46.4156,9.11732,1.41008,-6.8212e-05,7.14517e-06,1.10809e-06,82.0223,114.685
45.9564,44.9656,16.1494,0.296139,0,0,0,75.1633,132.168
56.9948,48.4224,10.6909,1.13983,-5.10163e-06,-2.48224e-06,-4.77739e-06,72.5952,113.875
58.5564,49.1822,12.1533,1.13051,-6.87791e-05,3.40359e-05,3.08884e-05,71.2557,10.6076
51.5745,46.2568,7.00986,1.9136,-4.3408e-05,-0.000206746,9.02554e-05,76.2634,33.4671
56.4619,52.871,3.34811,7.13099,-0.000246148,-0.000278231,-0.000267023,66.2781,26.4161
46.6499,53.138,12.7108,8.46892,-7.69522e-05,1.40642e-05,-0.000141537,63.3994,11.5204
55.5404,55.3961,11.0176,0.859965,2.57391e-06,-0.000336047,-0.000122785,75.4933,57.1515
55.991,50.6495,11.6905,1.21144,0,0,0,66.0297,15.7951
59.8058,53.1586,17.9358,5.33491,0.000481697,2.1639e-05,0.000280404,68.1798,5.69585
44.2227,43.7796,1.06151,7.90896,4.88788e-05,9.29198e-06,-0.00010843,63.1432,30.9264
54.3974,41.3447,18.3173,9.07032,-6.36561e-05,9.59726e-05,-4.3792e-05,64.0623,10.3676
42.5195,52.1001,0.420221,0.599232,0,0,0,67.641,97.7161
60.9118,55.8194,10.7514,1.36923,0.00039774,-0.000360215,-0.000152243,77.6768,35.9102
61.6252,53.8852,10.1932,0.767549,0.000162905,-0.00044168,-0.000127463,60.6748,37.528
67.6338,45.3054,8.94514,9.2492,-6.1091e-05,5.45101e-05,2.68889e-05,62.8585,59.9091
78.3439,48.9713,9.59654,0.234715,0,0,0,71.9208,35.0637
68.1555,54.9924,3.27193,2.0548,0.000164273,-2.37434e-05,5.76579e-05,69.5358,17.3903
78.3421,57.0789,3.86539,8.37795,0.000133881,-7.93416e-05,8.62454e-05,69.5072,10.3122
64.3042,47.7288,19.0212,1.86634,-0.000116105,-0.000492395,0.000146754,71.9205,54.5065
68.0663,60.0848,12.9155,6.88013,0.000381086,0.000134674,0.000116268,68.2045,59.7188
40.2719,65.4916,0.732387,8.10266,0.000336984,0.000195488,-4.29758e-05,63.6995,164.935
40.7996,71.0384,8.0823,1.12162,6.59584e-06,6.93228e-05,9.18564e-05,70.0654,44.7097
40.4313,66.0048,14.9959,7.41569,-0.000192546,-2.83911e-05,-4.36801e-05,63.2845,40.744
44.0716,62.0266,8.142,0.916853,1.33546e-05,-1.21782e-05,2.60421e-05,72.4747,86.863
50.2244,64.5753,7.18514,5.67176,9.13713e-05,0.000111287,0.00036602,74.477,64.7372
57.2898,60.9999,12.5584,5.21184,0.000292148,-0.000400268,-0.000287256,69.3132,109.435
42.1236,74.2806,15.5197,1.02718,0,0,0,79.4849,164.507
50.701,67.2646,14.7499,2.42071,-0.000513851,0.00080218,6.6182e-05,79.2267,121.424
48.3509,70.0233,14.8597,1.20837,-0.000607059,0.000712598,2.83392e-05,73.8332,29.3701
47.7653,68.5508,18.1868,0.668929,0,0,0,70.5802,20.9949
55.4813,68.8759,12.5709,3.07541,8.06134e-05,-0.00029017,0.000564545,74.2007,195.843
53.0659,72.439,18.8153,4.59446,0.000157747,0.000280641,0.000188509,75.6259,212.631
77.4765,60.9202,15.1081,3.42306,0.000416665,0.000113518,0.000385854,78.2045,266.442
61.948,66.0178,11.6118,1.79646,0.00011339,-0.000153471,0.000120754,79.5792,16.6606
61.6268,65.066,19.2502,3.78786,-1.99023e-05,-9.29424e-05,-0.000336016,71.3683,4.75538
77.9882,76.6154,5.57576,1.33248,0.000139054,-0.000116602,-3.57263e-05,86.871,48.5327
64,67.1572,10.8167,0.606214,-3.89742e-06,-9.14247e-05,6.57593e-05,74.4027,149.701
75.8207,77.5236,17.303,4.05443,0.000199234,9.02835e-05,-9.71139e-05,73.8654,14.3686
78.6191,63.1081,10.1468,0.331832,5.90273e-06,-1.80647e-05,2.71411e-07,77.4164,122.322
64.4979,74.969,14.8666,8.20782,0.000161205,-7.40567e-05,-4.77576e-06,65.0812,205.043
67.9948,68.8127,10.0547,0.354104,0.000102985,-0.0001128,4.29934e-05,65.7558,79.1175
76.4348,69.7929,10.0463,6.70163,0.000277229,4.11628e-05,-2.8547e-05,71.0196,8.97944
78.1448,73.5615,16.3333,0.640339,1.3502e-05,-2.30184e-05,-5.63373e-06,69.0677,18.4529
75.2535,75.2009,3.07014,0.36992,0,0,0,79.7962,76.7097
75.0022,79.4615,0.370408,1.50409,3.67205e-05,-2.50349e-05,-0.000109894,77.2613,24.7722
46.9546,47.8125,20.6351,1.06147,0.000130703,0.00039873,-0.000241036,62.5072,28.2447
41.0013,40.4776,35.1804,0.76178,9.08221e-05,3.50647e-05,6.0552e-05,71.2914,50.967
41.3252,45.4473,29.2472,1.30157,9.00021e-05,6.88298e-05,1.67469e-05,64.2385,35.1652
48.4321,40.6539,32.7191,6.89671,-2.39711e-05,-7.225e-07,0.000141587,69.3213,149.853
43.6342,45.3822,23.7477,4.10058,-0.000328238,0.000379205,-0.000798163,64.4089,11.6977
42.3967,53.2588,39.6223,0.883356,2.17459e-05,4.20587e-05,2.63521e-05,65.5319,100.807
42.9287,41.8956,27.3659,0.71589,6.58075e-05,2.84874e-05,2.28159e-06,66.1016,3.94208
55.2811,43.5732,28.6066,1.45793,0,0,0,76.9121,16.4486
48.2614,48.7088,32.9702,0.725482,0,0,0,62.8683,124.806
42.6297,52.9866,23.6644,3.72744,6.99413e-05,0.000348235,-0.000111162,66.7309,80.0562
45.66,50.1567,29.4362,3.6906,-0.000188192,-0.000267602,-0.000273533,69.7163,55.3399
48.71,50.2986,23.4957,3.04161,-6.78946e-05,0.000111402,-0.000132926,66.8179,232.746
53.8105,49.7461,29.0994,4.71319,-0.000138938,2.97055e-05,-8.82171e-05,66.4409,220.611
57.8145,44.2705,32.8024,3.31875,-0.000145378,9.7554e-05,0.000135275,65.1026,140.694
53.0008,48.013,36.472,2.90863,-0.000138739,0.000190154,-0.000152845,66.7717,120.199
59.1422,53.8778,25.7784,2.57248,0.000462279,0.000259718,0.000249577,71.0327,136.99
53.363,55.6248,33.0805,0.827988,6.75154e-05,2.95176e-05,-0.000235238,82.103,494.837
50.9525,40.2204,39.6115,0.455708,3.67889e-05,-6.32728e-06,0.000100604,73.9633,67.8385
48.1873,54.8189,36.6521,5.51354,-0.000105979,0.000170575,-0.000491772,76.8204,88.2934
66.9466,40.2504,26.1747,2.03051,1.48745e-05,-7.36937e-05,6.54897e-05,73.1018,110.67
63.1719,46.9818,26.4266,5.81821,-9.66472e-05,-0.000134649,0.000160751,65.3557,189.834
62.2048,45.2247,33.3103,0.95833,0,0,0,73.9102,237.147
67.4152,48.0134,31.2673,0.680881,0,0,0,66.0202,306.528
68.9116,42.2864,34.8749,6.20289,-7.25032e-05,-2.87725e-05,0.000216132,66.5043,34.0028
62.0836,53.6142,27.6276,0.913488,0.000391579,-3.509e-05,0.000246178,79.2657,151.865
77.2576,47.881,21.359,11.3334,-8.04039e-05,-3.0707e-05,0.000136203,69.1273,44.7978
69.6449,54.6887,28.8525,1.33995,-6.61447e-05,0.00023188,-9.38948e-05,70.4618,93.7627
65.6968,58.7394,24.5506,5.763,0.000227556,0.000393522,2.64479e-05,66.5318,104.003
78.4011,45.4242,37.1363,5.08924,-6.26329e-05,-8.16313e-06,0.000150632,68.3984,26.2673
74.0334,50.4493,34.2086,2.22405,0.000150878,0.000129159,0.000166998,73.4641,208.108
77.9717,51.3362,34.4655,1.38448,0,0,0,70.346,105.35
63.3135,55.8646,39.2141,10.8655,-2.96603e-05,-3.05748e-05,-4.58889e-05,58.3471,134.323
55.8897,80.31,20.1166,4.14651,0.000286083,8.76547e-05,9.02806e-05,72.6066,8.76564
40.6319,78.9093,30.4251,5.96269,-4.88081e-05,-3.40028e-05,-1.53316e-05,66.2431,52.7999
44.1882,75.0868,21.0834,4.95228,2.38448e-06,-3.96291e-05,1.26712e-05,67.3648,19.6594
43.7186,69.0026,22.478,1.26537,-4.85982e-05,4.46436e-05,-1.77709e-05,71.7126,66.5771
54.4954,63.5052,36.6318,1.08588,-1.75528e-05,-2.56725e-07,-7.43984e-05,77.3927,259.232
49.3873,72.0397,23.5031,0.945776,-2.41426e-05,0.000128209,-2.23037e-05,70.7939,25.1127
45.2013,79.1767,25.2088,0.939853,-2.99541e-05,9.33705e-06,-1.29813e-05,72.7273,383.672
51.2645,62.0707,25.2374,9.34696,0.000125413,9.63205e-05,-0.00031271,61.1652,78.6619
51.4658,77.224,27.9236,6.16162,-6.53711e-06,0.000141636,1.25208e-05,67.3896,156.68
57.3093,65.1923,35.1158,0.960639,-1.12757e-05,1.75172e-05,-7.6965e-06,63.0826,68.8885
53.3897,64.7446,37.5679,0.82088,9.76893e-05,-1.69383e-05,5.89763e-05,81.5949,200.323
51.6786,61.1699,38.932,2.13296,1.10089e-05,-5.56841e-05,-0.000182939,80.2558,161.963
45.543,68.9568,37.1957,8.09431,9.37029e-05,-4.40905e-05,-0.000126174,61.6908,49.0307
55.0409,79.3729,39.6116,7.92245,-2.09704e-05,4.56853e-05,-1.80988e-05,63.1664,120.312
75.8052,60.4616,33.0177,8.0349,2.44755e-05,0.000115864,9.24833e-05,65.0914,37.4022
61.0843,61.6485,28.863,1.04241,0,0,0,79.5729,283.963
78.4748,76.2925,23.2132,2.54141,0.000385376,0.000212779,-0.000164584,81.9402,12.4331
60.4512,72.1623,38.2483,0.562552,0,0,0,77.4445,123.648
67.3532,62.5493,30.0391,1.12238,7.31425e-05,0.000144558,0.000225092,62.1643,55.6367
75.1546,75.6118,25.2091,1.40275,0.00045506,0.000290281,-8.3448e-05,97.0603,189.284
75.0293,76.5811,22.4129,0.908764,4.29082e-05,-5.22963e-05,-2.51992e-05,81.9481,22.2817
72.1074,74.6388,26.8632,1.45439,7.56136e-06,0.000114706,9.65197e-05,79.0669,71.7514
63.3287,71.2004,29.7612,8.42316,2.39406e-05,0.000116977,4.65895e-05,67.6097,51.1707
79.2521,63.2302,25.5527,0.512047,6.64596e-05,-5.86343e-05,4.38834e-05,73.8766,4.54078
64.3011,77.9205,23.5057,0.693432,2.67536e-05,-3.95062e-05,-9.86182e-06,67.017,65.3317
78.9055,66.007,39.4479,1.00572,4.74462e-05,8.48648e-05,9.8405e-05,72.702,156.944
74.1151,67.7623,22.1607,7.13297,0.000320741,0.00025084,9.0653e-05,67.9353,17.3561
69.0067,75.0425,23.0642,1.14895,3.6359e-05,5.92315e-07,6.61049e-05,72.7245,64.8027
78.7364,74.9639,34.8513,8.9486,-6.30284e-06,0.000137474,6.60208e-05,69.1423,35.8931
15.6371,18.4056,41.0286,0.584086,-9.04242e-05,-0.000129084,3.68101e-05,82.1033,183.6
12.4546,18.3542,41.7045,2.60051,-2.05051e-05,-0.000145536,5.55655e-05,78.881,118.95
4.51482,6.21177,48.3222,0.686122,-3.2535e-05,-2.27461e-05,-3.02839e-05,80.1124,387.74
15.8759,9.86704,53.037,12.1467,-1.25249e-05,-8.29567e-05,2.7113e-06,80.3305,473.892
10.0206,18.8459,60.2174,0.727465,-0.000122362,-0.000133398,-3.18609e-05,82.5858,87.0419
26.7442,15.7456,40.8451,5.80705,-6.11024e-05,6.3326e-05,1.70749e-05,71.8266,109.479
20.3928,17.2494,41.0953,0.725044,-4.6952e-05,1.11165e-05,1.84946e-06,76.689,113.582
21.6615,10.8169,41.1279,1.13222,0.000112494,9.84846e-05,5.88745e-05,81.1698,80.1478
25.8093,6.97764,42.2215,3.20191,-0.000115841,0.000139584,-6.67878e-05,75.9548,94.3574
26.3738,2.51428,46.985,2.09089,-1.30212e-05,-0.000339502,0.000333215,87.402,19.9685
35.6117,9.27953,48.922,9.54316,-8.38186e-05,-0.000132622,-6.52986e-05,66.9209,24.25
33.7293,8.10478,59.3911,0.532726,0,0,0,70.8413,165.989
31.392,18.7675,45.4693,1.42281,4.79192e-05,-4.95682e-05,-5.09275e-05,81.9602,52.7293
4.27428,25.4969,51.1139,11.928,-6.18895e-05,-2.4138e-05,6.64639e-06,66.3423,4.32067
8.93275,37.7247,44.0687,4.76085,-8.0025e-05,0.000158582,0.000203002,70.905,87.8773
7.20279,38.2712,49.3559,0.830063,-0.000108501,2.17536e-05,0.000157393,73.8253,144.439
16.5932,37.9172,57.0033,11.2863,-4.01162e-05,-8.73273e-06,9.0208e-05,61.8542,106.17
20.0995,28.6583,41.1518,10.6004,-0.000303972,-3.84975e-05,-2.9763e-05,64.2249,67.3776
34.5948,23.4186,41.4915,5.4999,-0.000110164,4.4331e-07,-0.000102971,71.4303,75.5062
32.9827,29.1562,47.5573,1.06932,0,0,0,63.8923,104.93
27.3432,23.2309,52.4908,7.84961,1.26727e-05,-4.54916e-05,-8.04775e-05,72.2977,66.8706
33.1306,30.2599,45.3611,1.17659,1.86973e-05,-5.46251e-05,-4.34459e-05,64.9137,158.652
26.2344,37.9909,45.5932,0.785775,0,0,0,66.8803,197.06
31.273,35.6872,49.6777,6.00299,-0.000148,3.82469e-07,-0.000205259,65.4791,56.1156
5.78999,1.23432,60.6946,3.57185,-7.54735e-05,3.13045e-05,-1.44601e-05,76.382,243.139
6.48353,18.4679,63.2854,3.22348,-0.00012257,2.33032e-05,3.18348e-05,83.765,335.191
9.25914,8.71073,73.4791,12.0933,-4.40561e-05,-2.55562e-05,-3.19937e-05,63.9825,64.0418
19.1311,1.89488,68.8953,0.748692,0,0,0,75.341,125.315
18.4709,0.84191,78.723,1.10597,0,0,0,72.4711,34.4406
21.0516,2.45123,62.1208,0.672993,-2.51092e-05,-0.000150907,-2.43803e-05,91.2288,71.8995
20.9103,11.7085,66.0815,2.08547,-6.9644e-05,-3.10689e-05,-2.77507e-05,83.4678,65.3047
36.9152,8.0633,60.8253,2.58445,-5.7864e-05,-3.21606e-05,-8.51435e-05,79.8616,102.625
24.0964,4.64875,77.3822,5.70608,-0.000133197,0.00014467,2.71249e-05,73.9227,52.2786
26.2822,6.92929,60.7982,1.16369,1.7248e-05,-4.8692e-06,1.2864e-05,90.695,122.83
24.4279,13.1655,71.8586,4.88461,-6.45514e-06,-4.24053e-05,-0.000158076,71.6431,119.563
30.0417,13.5771,62.0229,6.51692,1.38886e-05,-5.65225e-05,-4.64523e-05,87.4313,550.005
32.2617,4.80331,64.7526,2.98355,-0.000129854,-1.91702e-05,0.00019588,74.5025,15.6728
22.101,7.92957,72.07,0.849157,-3.30886e-05,1.63047e-05,-6.11542e-05,81.9815,73.7386
27.0489,7.87415,72.2311,1.03068,0,0,0,76.9532,72.2966
28.3051,5.1613,71.9505,1.14238,0,0,0,73.2536,72.1496
24.1192,5.02576,66.7704,5.46454,-0.000163834,-3.13338e-05,-2.52182e-05,70.6633,83.5545
23.5574,13.6794,65.9845,1.0766,-3.33171e-06,-1.48076e-05,-0.000120641,86.8082,255.533
39.5291,12.695,75.7284,12.5329,-9.07329e-06,3.44634e-05,5.68949e-05,59.5308,13.5253
26.639,19.5436,73.3279,2.32808,-1.0472e-06,-0.000104467,-0.000265471,78.5203,16.0801
8.67876,20.1694,66.6828,0.350601,-7.65297e-05,-2.22099e-05,1.21597e-05,78.7316,274.271
13.7544,21.0983,74.1432,0.371273,4.69329e-05,-5.49044e-05,-1.96801e-05,86.1816,323.811
6.55846,26.3126,65.3392,2.67009,-9.40318e-05,-7.37775e-05,3.70721e-05,77.8933,408.111
10.0135,33.4224,65.2992,0.217428,-4.16761e-05,-2.84703e-05,5.2546e-05,71.1152,14.7127
16.0601,31.65,72.0394,1.15699,3.41236e-06,4.62461e-05,-0.00010183,81.8004,158.329
17.8367,26.6969,75.3139,1.15917,9.80156e-05,-4.46978e-05,-5.62941e-05,81.9462,129.895
16.0785,33.9034,77.0283,1.26151,3.68003e-05,4.96837e-05,-8.10655e-05,81.4569,137.903
17.5539,34.5478,77.5243,0.423267,2.76644e-05,1.5965e-05,-7.93483e-05,79.2607,23.2166
8.67265,32.1714,68.3333,0.455056,0,0,0,69.5968,35.0915
14.588,34.0015,77.7761,0.24522,1.67045e-05,1.54751e-05,3.04349e-06,67.7965,62.3427
7.96743,27.8681,76.5698,8.8602,0.000106177,-3.83147e-05,2.7633e-06,72.0719,41.7916
18.1751,22.9254,65.174,9.65282,-9.80146e-05,-7.53571e-05,-0.000127977,69.7167,25.3939
0.253609,22.1254,67.5059,5.2995,-6.53652e-05,-5.05712e-05,4.54635e-05,76.7796,317.78
29.1298,20.8864,79.7933,1.32209,0.00022013,0.000341816,9.1213e-05,72.9583,80.0991
32.0024,38.4559,78.7562,7.19349,2.35137e-05,0.000104623,-0.000136084,63.2817,73.7724
24.1306,37.0874,78.1948,0.816257,4.52827e-05,2.9709e-05,-0.000170156,76.9452,152.117
23.5899,39.1128,78.0618,1.27332,2.22854e-05,5.27507e-05,-0.000130918,84.2763,43.7468
35.5316,24.5575,67.9093,2.3182,-1.07461e-05,-0.000110312,-0.000180479,80.4328,30.8248
20.9924,35.2707,68.5522,1.35322,2.82554e-05,-1.69983e-05,7.41774e-05,82.4459,26.1196
21.6802,38.3779,68.6655,1.44634,3.07668e-05,2.78606e-06,7.05351e-05,79.938,11.6571
22.186,31.7673,74.7538,5.54518,2.6907e-05,-2.1112e-05,-0.00019908,76.3107,71.1876
30.8283,21.3046,60.7043,1.44766,0.00013703,-0.000181338,-0.00022456,89.3755,246.022
28.644,24.626,61.6349,1.57477,-0.000146661,2.90774e-05,-0.00011415,85.4188,15.1138
30.0242,25.4493,72.3108,4.88834,-0.00010472,-0.000138469,-0.00036523,70.6801,131.928
31.1535,22.5366,65.1506,3.26362,4.82022e-05,-7.1641e-06,-0.000331542,87.5085,182.098
28.1488,25.1732,67.0173,0.736465,-7.8707e-05,-7.70763e-06,-0.000353188,74.1239,70.045
32.6689,31.565,73.9758,1.17131,-0.000117256,1.5108e-05,5.95031e-06,72.6618,59.8086
30.3177,34.586,64.1592,8.89618,5.13118e-05,-1.44217e-05,-0.000159114,62.9478,31.9427
29.1206,31.6076,77.8034,0.298044,-5.46252e-05,0.000177378,-0.00019876,75.1055,135.872
35.7378,38.6813,72.402,0.181417,4.46184e-05,2.69222e-06,-7.58989e-05,71.7551,30.9229
34.8805,21.0252,65.4477,0.615657,0,0,0,68.7122,138.056
21.0474,37.3813,72.0923,0.771583,-3.6988e-05,1.62216e-05,-3.4601e-05,77.0271,96.1829
23.6784,40.0231,73.3688,3.16947,-9.12615e-05,-1.79479e-05,7.74774e-05,88.281,152.184
43.4853,1.44295,40.8529,5.73175,-6.09105e-05,-0.000120943,-7.46216e-06,64.2956,47.9569
51.0931,14.7217,42.5263,9.71829,-8.74708e-05,-6.78927e-05,2.1882e-05,59.729,127.546
56.0449,8.00247,48.7496,0.691303,0,0,0,62.6086,119.941
55.302,5.28425,46.41,1.3241,-9.90062e-05,-5.10839e-05,7.7252e-05,69.1427,232.121
57.8743,6.38993,44.2042,1.14881,-3.13514e-05,-1.15591e-05,2.67059e-05,78.8911,56.1543
43.6731,3.9843,46.4698,0.409047,-1.28935e-05,-1.73839e-05,-6.04741e-05,61.5923,107.976
42.2308,5.56168,56.5666,1.25572,-5.94047e-05,3.08941e-05,-6.08086e-06,70.3638,36.9006
49.022,3.32111,51.9425,7.27269,-0.000121895,-0.000105777,5.73318e-06,65.8987,78.5178
56.8289,12.8213,59.3429,9.25946,-0.000131202,-0.000135711,0.000130291,67.6139,54.5156
56.1607,9.71924,49.9865,0.590122,0,0,0,68.1472,45.972
48.2678,0.00490806,44.957,0.49699,-3.25792e-06,-1.43242e-05,-3.01737e-05,64.1065,0.697765
56.7625,2.96243,55.8961,1.1857,-5.83729e-07,-8.67237e-05,-3.03191e-05,74.4346,152.033
59.7706,11.6179,49.0012,1.51518,0,0,0,83.6136,100.415
43.8162,10.3329,59.9326,4.80334,-0.00015487,5.36969e-05,-8.76517e-05,70.4685,28.0809
79.172,2.92697,46.086,0.965002,8.48754e-06,-1.91199e-05,-2.15696e-05,75.3381,168.947
60.7403,19.0071,43.196,0.588281,-8.82935e-05,1.01547e-05,0.000135055,77.4164,169.44
72.8353,18.2809,43.5745,2.15182,-6.88358e-05,1.34336e-05,-1.21068e-06,84.9461,231.645
72.4249,15.4705,41.4037,0.14452,-2.14111e-05,9.11492e-06,9.00327e-06,77.24,323.607
69.4382,4.55003,44.6131,0.920162,0,0,0,67.6146,101.859
65.0112,10.5306,44.2185,3.53442,-0.00012344,2.97965e-05,6.27041e-05,80.3217,193.59
66.7695,0.116522,43.8303,0.32909,0,0,0,60.1557,44.6497
60.5409,7.37308,41.9328,2.48956,-4.51507e-05,1.10096e-05,6.8984e-05,81.7934,151.044
63.0417,17.1342,48.0662,4.43395,-0.00013401,-6.08671e-05,0.000103554,77.1382,125.652
72.4995,5.40527,43.4017,1.69888,5.54204e-05,-6.06273e-05,-1.2394e-06,81.107,6.01367
62.4192,2.11613,49.7379,7.14968,-7.4666e-05,-1.69148e-05,2.58383e-05,68.5729,109.888
68.4815,15.8489,45.9169,0.253865,1.74781e-06,-3.48691e-05,1.06111e-05,81.3981,92.5181
70.1811,15.7078,43.1476,0.191121,0,0,0,70.1741,70.2137
68.394,17.5931,45.3861,1.57138,-0.000190742,-5.79392e-05,7.54446e-05,92.2452,9.20496
66.5815,2.38785,56.3977,0.303309,-3.45547e-05,-3.52024e-05,2.99851e-06,72.1202,55.1689
66.4842,19.5583,44.4086,0.334265,5.07457e-06,9.96791e-06,7.92911e-05,70.4404,82.9915
60.9485,17.5691,43.2576,0.547353,-7.62276e-05,-1.29952e-05,0.000122448,86.1358,355.879
75.416,11.388,55.6311,12.3322,-4.27235e-05,-2.43715e-05,-5.99273e-06,68.6572,74.1584
64.7665,19.8027,55.7465,0.56331,5.43064e-05,-8.82748e-05,2.02317e-06,72.3482,62.9894
59.2913,24.9396,40.712,2.09876,4.55957e-05,0.000115853,0.000355501,76.7134,43.1597
40.6277,33.9737,41.4635,6.72361,-1.50207e-05,-3.59256e-05,7.20514e-06,64.4356,80.726
44.2065,26.3583,42.6105,1.50017,2.30514e-05,1.94395e-05,-0.000187626,67.6179,71.448
56.5091,24.9711,43.3256,0.791492,4.20249e-05,-4.01359e-05,4.07174e-05,67.0794,115.424
42.5817,24.9882,55.835,11.8966,2.8829e-05,9.54211e-05,-0.000160368,65.1519,111.58
51.4446,36.2992,44.2182,0.864116,-0.000134922,-8.40288e-05,3.05124e-05,67.6571,58.4104
58.1363,30.58,55.4995,12.0938,2.4027e-05,-8.23094e-05,0.000149756,61.3658,33.0687
46.6637,39.1485,49.1833,4.50993,0.000259882,0.000161692,-0.000274763,77.8567,61.5537
48.8668,37.9632,41.8117,2.45298,-0.000193107,0.00024923,-7.48444e-05,72.8649,45.9907
74.9373,21.5332,41.6808,2.2074,-0.000121358,-1.83607e-05,7.07418e-05,84.694,295.958
67.3667,22.0095,54.5565,0.538226,5.84383e-05,-5.42606e-05,-5.96978e-06,79.3865,317.279
72.3037,23.8175,52.2997,0.562735,-6.19937e-05,-1.38776e-05,2.89459e-05,74.1981,75.411
60.4806,22.2652,44.2591,2.60182,-0.00014208,-0.000119772,0.000145409,72.8979,176.941
64.0112,24.8631,42.4863,0.976213,-3.0703e-05,9.36093e-05,0.000124748,80.0315,44.1065
67.1016,31.8066,44.6457,0.679781,0,0,0,68.3215,61.5474
69.5348,24.8547,46.5759,5.87978,-0.000102545,-0.000110477,7.61696e-05,70.1669,45.5569
70.3996,28.4449,52.1838,0.788247,1.7463e-05,-1.24961e-05,-3.97015e-06,65.14,14.6675
71.1383,25.3361,54.6843,2.49396,-1.58296e-05,-6.06709e-05,2.4176e-06,68.7585,63.7749
72.4161,30.5371,56.4228,2.74594,-1.28625e-06,-5.66681e-05,5.49187e-05,71.424,68.7201
69.4978,36.7483,45.3949,4.79594,-0.000100875,7.69045e-05,8.63846e-05,68.1888,80.8688
71.8983,30.3432,51.607,1.69823,-5.05854e-05,3.00782e-05,-3.11215e-07,84.2561,24.6692
72.9609,35.4103,52.6655,3.52231,-0.000118611,-7.11787e-05,6.71104e-05,71.2362,17.6326
70.1394,33.7379,49.4418,0.287531,0,0,0,70.6436,20.5151
70.9519,34.9993,57.1251,1.38685,-0.000100983,-7.10921e-05,6.35333e-05,78.7985,224.041
75.6747,33.7633,45.8794,1.332,-5.77042e-05,7.34919e-05,0.000123815,78.8349,31.8897
72.3686,37.9413,56.2318,0.421224,0,0,0,73.6606,31.2814
69.7413,37.3577,58.2158,1.47986,-1.49334e-05,-2.77361e-05,4.88574e-05,75.9724,74.3986
69.1102,37.9073,50.6706,0.619891,-6.16572e-06,1.84369e-05,8.39237e-05,74.1894,63.1378
51.2103,3.78921,62.5925,2.19104,-4.18449e-06,-8.58901e-05,0.000245917,73.605,137.642
49.3221,9.26197,64.2789,0.166128,0,0,0,72.6659,144.216
57.7781,14.6033,74.2544,6.49873,2.51653e-05,-0.000183678,6.07094e-05,73.8682,168.975
53.0801,8.64974,77.1457,1.77719,-6.95066e-05,-8.45594e-05,-9.44128e-06,71.8858,52.0689
51.4975,6.63297,76.5716,0.487118,-1.70547e-05,2.24128e-05,4.6286e-05,67.1939,136.687
53.6536,3.79941,70.7198,6.36317,-5.91146e-05,-0.000210713,0.000177037,61.703,158.91
48.8826,17.325,65.982,2.84976,-0.000245022,6.37269e-05,-0.000165576,76.5538,22.0609
51.2538,1.58865,64.1924,0.335396,0,0,0,65.2772,30.8819
59.7368,1.05443,67.6246,0.322499,0,0,0,70.749,80.0325
59.1449,3.62912,64.8091,1.68484,3.37554e-05,-0.000133977,7.96713e-05,82.1223,31.0525
57.321,18.9755,67.8531,1.29093,-8.98316e-05,-0.000186474,0.000119043,80.5211,287.497
60.4466,17.6677,67.7954,1.17992,-1.34397e-05,-0.000145987,8.18897e-05,70.4684,30.9768
63.5895,14.2695,79.911,1.65142,8.39367e-05,-0.000148839,1.56527e-05,80.4013,351.811
63.6584,2.96456,60.3609,3.65915,7.72468e-05,-7.86465e-06,-3.01111e-05,74.8494,112.765
62.5634,5.8474,79.4825,5.19441,7.60506e-05,-4.08089e-05,8.93746e-05,68.2715,125.394
76.6937,8.85398,76.3104,0.877747,-7.29298e-06,-2.43341e-05,-2.35066e-05,85.2844,153.842
64.5795,14.199,71.627,0.804064,2.25872e-05,-4.17561e-05,5.83662e-05,73.5372,166.148
76.3935,6.54722,73.0677,1.31487,-5.7713e-05,-5.59153e-05,-2.0717e-05,80.6961,119.744
73.9798,13.7766,71.6065,6.45196,-9.01227e-05,-0.000100374,-7.84219e-06,73.3702,202.798
68.2884,2.25253,62.1731,0.974868,-2.95611e-05,-3.78884e-05,2.71324e-05,75.2215,113.855
69.5542,3.42687,64.2741,0.800397,-6.89539e-06,-5.27578e-05,1.72486e-05,77.6366,24.7525
65.2986,6.24942,69.1448,6.2568,-5.44932e-05,-0.000181515,2.57353e-05,68.2756,63.9505
71.524,4.41885,71.8676,0.780319,-3.70969e-05,-6.99881e-05,2.23367e-05,81.7435,144.376
72.4253,6.22922,71.5329,1.26971,-6.6442e-05,-7.9903e-05,1.783e-05,80.8512,52.6385
68.0198,12.1473,78.939,3.36887,9.89745e-05,-0.000108278,0.000103536,70.4306,94.2708
66.133,14.019,74.3905,1.88239,8.30973e-06,-0.000155296,0.000160327,78.9911,23.9344
65.4433,16.4467,67.4767,3.99456,-6.48002e-05,-0.00012059,3.22476e-05,75.9655,63.81
72.3939,4.60237,77.6802,5.09831,5.73417e-06,-3.22638e-05,3.85927e-06,79.9824,307.103
66.7121,4.0623,75.766,0.60644,0,0,0,63.8349,65.7156
70.0192,19.3069,66.2529,1.37016,-8.09266e-06,-2.87669e-05,1.74101e-05,81.674,32.5981
75.0345,19.6571,66.2392,0.453316,0,0,0,76.909,96.0248
65.4336,20.0862,62.1711,2.53569,-2.78969e-05,-0.000127533,9.57909e-05,79.0391,124.301
51.4952,20.1702,64.2629,0.897919,-1.29915e-05,-4.85977e-05,-7.43986e-05,69.9592,48.3621
41.6951,30.4021,73.5178,7.94208,-0.000137721,-7.88424e-05,-2.51958e-05,68.5052,45.5021
49.4216,28.0023,65.9217,0.365068,1.83484e-05,-0.00019773,-5.67657e-05,68.6074,114.143
49.1835,30.5689,66.6586,2.31637,-0.000107392,-0.000312149,5.81046e-05,70.4979,56.0196
53.7223,28.1187,75.7833,1.55514,3.33258e-06,-0.000238167,-5.5184e-05,82.15,208.602
52.478,23.8466,69.8912,5.89682,-9.2328e-05,-0.000225824,3.33742e-05,63.7772,44.3199
44.7871,39.4521,73.1876,1.40129,-9.05579e-05,-3.18492e-05,-0.000105846,75.8384,61.1911
40.8374,34.8742,65.0193,1.75002,4.72693e-05,-3.8673e-05,-3.6546e-06,77.7267,88.6795
53.8445,37.0262,72.7614,7.98598,-0.000150925,-0.000266604,-5.4066e-05,68.5287,79.7664
45.9539,38.265,63.6688,4.59169,-6.62262e-05,6.28277e-05,-8.4088e-05,69.564,107.28
57.3755,29.211,68.8685,1.4835,-0.000121108,-0.000274525,0.000106646,78.3899,77.823
59.1778,25.2109,67.6828,1.3035,-0.000114815,-0.000207401,0.00010655,83.5924,32.2415
80.0746,37.4858,64.5285,10.6232,-8.58314e-05,-7.33215e-05,6.23036e-05,65.1462,54.4218
67.7131,28.0328,78.5043,12.8099,-2.81465e-05,-7.90723e-05,4.13717e-06,66.53,46.2894
60.3228,21.4367,66.7835,2.7475,-0.000149797,-0.000178444,0.000143836,81.402,70.124
71.6686,25.1702,62.7044,5.67922,-2.61516e-05,-0.000109366,-5.1798e-05,78.3073,61.4135
65.3201,26.7226,65.31,0.669727,0.00022391,-0.000209715,-3.64882e-05,77.7893,58.8985
79.7325,28.4187,71.7577,0.979441,2.85534e-05,-9.11945e-05,5.55498e-05,79.5014,203.517
67.6838,30.4479,64.7221,1.18498,0.000199099,3.08016e-05,1.19922e-06,101.033,260.086
65.0863,38.5252,65.1549,6.41149,-0.000115053,0.000108521,0.000116037,70.1675,65.3821
62.8927,39.4597,72.2332,1.05851,-4.75638e-05,-1.08839e-05,0.000110707,80.9639,179.717
5.93409,47.6421,40.5478,2.363,3.3428e-06,-9.51128e-06,0.000188265,79.4382,161.174
9.44389,46.5421,40.9291,1.33493,-1.89205e-05,1.57231e-05,0.000168293,79.6104,28.7351
11.3029,42.4348,41.4425,0.44532,3.36201e-05,2.41145e-05,0.000121839,68.0637,41.1161
5.8131,41.6496,41.6498,0.741508,-6.06142e-05,1.8104e-05,0.000173017,75.7662,70.0788
3.58782,45.9659,48.6598,0.897341,-3.61893e-05,-1.2618e-05,2.49188e-05,88.8192,130.726
13.6593,45.8014,48.0526,1.07233,-5.42888e-05,2.11909e-05,0.000147613,79.849,35.524
11.4487,52.8555,41.0184,5.29353,-5.84642e-05,2.35416e-05,4.83032e-05,73.983,89.4169
5.41969,41.0781,52.1433,1.09694,0,0,0,74.9324,163.785
8.44701,45.8687,46.5391,4.4056,1.03927e-05,0.000102166,0.000171703,76.8164,174.96
16.7713,55.2728,55.2084,11.2977,-0.000138555,7.58434e-05,0.000119966,67.4854,54.0165
1.79109,50.5027,53.0415,0.365876,2.00966e-05,-2.09611e-05,6.47627e-05,72.9501,48.2104
4.41926,46.2931,54.0805,4.39071,-8.9922e-05,-2.14678e-06,0.000107432,73.4119,22.568
16.7409,51.0136,43.7755,0.997975,-9.31335e-05,7.43336e-05,6.245e-05,79.6314,66.2979
4.69581,52.0435,53.1074,1.47433,-0.00012032,-4.99627e-05,0.000153324,85.6717,86.5616
1.8494,58.4072,51.4691,0.683609,5.15501e-05,3.6489e-05,7.21201e-05,78.6049,134.064
18.2322,43.7771,42.339,6.58858,-6.50343e-05,8.15689e-05,0.000189225,65.005,21.4433
35.3045,41.5186,40.237,1.11233,6.74824e-05,5.83406e-05,0.000133217,72.398,102.338
26.6086,41.0132,41.3115,0.544506,-2.03539e-05,5.66271e-05,0.000152894,71.8404,89.3559
30.8052,41.1454,42.7262,3.25772,-9.33399e-05,0.000253085,6.0914e-05,72.3589,304
35.1606,51.4074,42.3561,2.30147,-1.24469e-05,9.8049e-06,1.70061e-05,74.9944,221.131
33.8956,43.4096,40.6353,1.01841,0,0,0,76.0484,39.1234
22.0438,46.0053,48.651,1.11531,6.44673e-05,3.76882e-05,0.000106758,83.4061,478.156
33.5775,48.2118,41.6664,1.27424,0,0,0,78.0718,335.685
20.765,53.1982,41.6229,4.0922,-0.000127002,7.17597e-06,0.000143167,65.1978,75.2251
32.825,44.2376,40.2699,0.263398,0,0,0,70.4658,12.0224
23.8786,48.6351,40.8206,0.809169,0,0,0,69.7605,25.2751
31.108,42.5579,46.3693,0.644729,0,0,0,76.2688,5.06306
26.2028,40.2529,46.1142,1.40169,0,0,0,74.2572,26.8612
32.5582,45.417,41.2092,1.10986,0,0,0,67.8822,14.7381
32.3077,49.8188,42.2547,0.56559,0,0,0,76.0988,35.4322
27.8664,44.4511,40.5188,0.832881,0,0,0,73.0976,62.5223
27.1008,57.1188,44.995,3.71788,-6.52304e-05,0.000188707,0.000180313,66.1529,42.4187
30.6616,45.3722,56.143,5.95871,-6.99964e-05,-2.20519e-05,-0.000143887,66.0347,9.37064
27.6973,48.1615,45.8714,5.44123,-4.27131e-05,0.000192463,4.14844e-05,67.9894,100.039
38.1795,44.3433,47.0321,6.14969,2.78483e-05,9.0407e-06,-7.61048e-05,67.3402,85.8828
31.7368,43.0498,49.8501,0.83545,1.81834e-05,-3.92781e-05,-0.000106432,75.1148,70.0474
38.1724,47.1545,55.1415,1.50123,0,0,0,77.1302,19.7631
35.8552,55.6343,51.5664,7.85258,-2.91826e-05,9.68115e-05,9.43078e-05,63.72,125.144
27.2382,59.1652,40.4537,0.424732,-4.5325e-05,0.00014469,0.00015438,63.6385,154.134
37.4511,57.4465,59.9553,0.282849,0,0,0,69.4014,140.438
39.9179,40.4658,56.7872,4.91819,-1.24203e-05,0.000138179,-6.27017e-05,72.0447,25.8221
10.7605,60.5911,45.7364,1.12673,-7.45546e-05,3.74859e-05,2.38233e-05,66.7743,50.5235
5.87149,60.6154,49.5549,3.3381,7.11988e-06,4.87958e-05,-9.42758e-05,74.6745,31.1209
18.2855,78.1226,57.3771,0.927346,5.48408e-05,-5.94073e-05,6.98238e-05,81.9636,121.422
4.08443,78.1604,48.6053,6.71545,-4.07596e-05,-2.11269e-05,4.48127e-05,74.644,221.551
18.6687,65.5451,40.7162,9.4719,-0.00011009,-1.5942e-05,-9.56062e-05,59.9823,20.8386
11.5276,75.3101,47.5019,0.50245,0,0,0,76.0141,97.9367
4.97937,80.0249,40.8239,1.27832,-1.54945e-05,-1.51136e-06,2.03559e-06,84.3168,183.794
7.69967,71.967,41.9797,3.6186,-4.01305e-05,0.000112471,-0.000153998,79.1786,29.346
9.68836,76.8184,58.5118,1.00323,0,0,0,72.0318,16.9189
2.51418,65.2806,57.8936,1.48461,7.91601e-05,-7.28658e-06,8.63746e-05,83.1841,124.409
7.53415,68.8013,47.9382,3.30349,0.000113672,0.000103014,-0.000285345,81.9862,81.9201
13.3221,72.626,46.1902,0.678513,0,0,0,73.0319,19.778
9.77812,63.9254,47.8343,2.08912,-4.73715e-05,4.16102e-05,-1.46545e-05,79.955,1.73558
14.6186,72.3436,54.0164,6.69789,0.000119099,4.92202e-05,-0.000159898,69.5547,17.2728
11.3313,65.7823,53.5349,0.655565,-5.87893e-05,0.000113574,-1.80843e-05,72.0824,53.5243
6.91471,65.8236,54.0948,3.72874,0.000110754,0.000198775,-0.000387521,80.1956,203.115
7.58513,70.1182,53.993,0.476734,0,0,0,73.3631,143.854
2.94281,66.7564,56.1919,0.632369,8.82479e-05,8.65439e-06,7.22693e-05,77.3304,74.233
15.381,67.2355,59.0417,0.368953,0,0,0,66.6299,21.0266
3.56485,72.8969,59.4215,5.8822,0.000315802,-2.75412e-05,0.000115828,70.6387,30.307
4.22454,70.7041,46.0688,0.703213,0,0,0,74.1536,131.973
1.62982,71.183,43.2292,0.624026,0,0,0,64.8852,153.114
38.8783,80.2172,45.4925,0.994023,-1.02506e-05,-0.000142349,8.481e-06,82.0807,64.2415
20.2303,77.6602,49.5814,1.58575,2.87253e-05,-8.28281e-05,-2.27959e-05,82.6731,324.526
24.9215,60.533,47.5578,1.0974,-0.000220629,9.66325e-05,5.44504e-05,72.4938,75.1145
27.8554,78.2785,56.6454,8.64502,9.33682e-05,-8.23685e-05,0.000154591,73.5419,18.3482
31.2629,74.9857,40.3859,9.33937,-4.35786e-05,-7.49657e-05,1.6157e-05,65.2384,82.1411
35.4356,60.7759,45.1117,0.411116,-6.43931e-05,-0.000149682,-8.95999e-05,72.2961,112.93
30.8589,62.3001,41.81,3.48017,-0.000166532,-0.000137488,-0.00041359,61.3217,31.6357
34.7669,65.6296,41.4803,0.615743,-6.43005e-05,3.16962e-05,-0.000139005,70.9061,126.139
30.4675,60.7043,57.8413,1.77746,-3.02099e-05,-7.15856e-05,5.81211e-06,73.8823,85.0424
28.5841,65.8943,51.6043,6.58742,-0.000238874,4.84054e-07,0.000115214,65.6025,32.7028
37.9244,65.1387,52.8673,1.01614,-1.16961e-05,-0.000251335,5.42967e-05,71.6021,90.5536
37.2629,66.8669,41.5144,0.54086,0,0,0,70.316,20.4834
33.6483,62.5972,47.511,0.495173,-0.000218332,-0.000161964,0.000163585,70.0124,10.7577
33.6565,70.2447,55.8129,1.32211,-3.54618e-05,-0.000118314,-9.07541e-05,74.6563,27.9544
36.0497,64.6156,53.3682,0.993734,-7.37882e-05,-2.05889e-05,1.97167e-05,80.7425,363.275
34.2108,68.8719,47.591,0.486755,-9.59407e-05,-6.64328e-05,-4.73458e-05,70.0382,19.3678
30.2087,64.797,58.5879,0.152988,0,0,0,75.4407,34.9867
36.5507,64.7503,45.3365,3.72374,-0.000470084,-8.99982e-05,-2.18663e-05,72.6251,44.8107
28.339,60.4277,59.4513,0.79897,0,0,0,85.3157,272.92
14.1291,40.4661,73.1839,6.58751,-3.88427e-05,5.62705e-05,4.1615e-05,72.3452,38.0628
5.728,51.8833,67.9105,0.872845,-5.89278e-05,-4.71634e-05,7.41349e-05,71.513,63.0304
9.39799,47.0722,72.6986,0.946387,-5.59162e-05,-0.000156794,-2.74091e-05,85.1638,373.493
7.7795,48.3074,78.3126,0.862583,-8.49154e-05,-0.000152439,5.34517e-05,80.5048,308.099
9.26591,47.5998,66.1331,4.9609,-0.000164004,-5.27359e-05,2.8518e-05,71.9482,204.142
1.76553,50.0885,73.0727,5.80359,-5.03104e-05,-6.82835e-05,5.11569e-05,67.446,69.5664
17.2292,44.0893,67.4512,0.866039,4.13077e-06,4.00891e-05,6.78608e-05,70.2701,69.4523
3.10507,54.1746,77.8542,0.283555,-1.63304e-05,-3.15645e-05,-1.84613e-05,75.4051,531.182
15.6774,47.1919,68.5949,1.8058,0.000114963,-0.000106505,-6.91822e-05,85.127,218.455
16.4254,47.587,65.3619,1.57643,0.000160875,7.62136e-06,2.58288e-05,73.8802,115.469
13.5021,58.5806,74.7104,11.4386,9.42089e-05,-0.000207182,0.000108385,67.8089,155.78
22.9427,54.3349,79.9853,0.181246,0.000137984,-6.20545e-05,7.7098e-05,80.5497,262.982
24.4022,54.8852,68.0298,2.2529,2.65281e-05,-0.000144451,-2.67754e-05,78.4148,177.274
30.3212,43.679,70.9017,2.3916,0.00024662,7.34945e-05,-0.000200794,85.6576,221.523
24.6764,46.0892,60.626,0.463762,0,0,0,68.372,50.5731
26.512,42.7962,61.4007,0.563284,0,0,0,66.4809,103.772
29.9837,47.962,62.458,0.681435,-6.71272e-07,-8.06385e-05,5.2895e-07,83.5126,93.3504
35.1728,42.7921,65.1095,0.678356,-1.42911e-05,1.50528e-06,-1.54236e-05,70.8154,51.6174
30.0387,54.5646,62.4147,5.92207,-6.33454e-05,-0.000102891,-4.20301e-05,72.0125,115.348
37.2643,44.1476,75.5525,1.19494,3.8012e-05,9.97479e-05,-9.81108e-05,76.1117,126.159
23.2996,46.9077,68.0446,5.85106,8.63991e-05,-9.69962e-05,3.51511e-05,72.0844,74.3777
23.5508,51.1704,73.5521,1.13443,0.000126704,-0.00014941,1.84047e-05,76.7329,51.481
33.3741,54.2161,75.1476,9.29864,3.92792e-05,0.000115494,-5.97189e-05,66.2077,107.491
32.0966,46.1178,65.7315,3.59026,4.5266e-05,-1.39782e-05,2.36279e-05,69.8481,95.1949
25.0825,58.4679,78.7774,0.694004,0,0,0,78.7529,87.8178
38.4547,49.9532,63.7678,4.39177,-1.79136e-05,-2.84184e-05,-0.000119835,66.7643,3.25711
36.4538,43.7062,62.2802,2.55023,-2.86695e-05,-3.44134e-07,-1.68729e-05,79.7202,99.1903
39.2816,42.3593,69.544,5.38263,1.76445e-05,7.65702e-06,-6.5155e-05,70.232,6.33773
7.61319,64.3583,60.5799,3.21185,-0.000515396,0.000226204,-0.000459933,85.2233,66.0023
16.7918,77.8822,64.5445,5.69938,-4.63707e-05,-0.000213098,5.43883e-06,77.6718,39.5577
12.9837,77.3108,78.8046,0.747687,7.74624e-05,4.17903e-05,1.47421e-05,69.2975,88.6326
11.4493,69.7567,64.8109,4.92907,0.000276402,-0.000550141,-0.000230272,79.7998,30.2957
12.9481,64.3163,62.8115,0.822963,0,0,0,70.6004,50.581
14.5744,66.1335,61.5209,0.507384,0,0,0,70.5843,37.9247
3.37244,61.7634,68.2638,0.485327,0,0,0,68.7004,164.136
10.6826,61.7021,63.0288,0.357724,0,0,0,67.2008,54.3854
8.51136,76.8377,65.219,2.75209,0.000137249,-0.000720499,0.000837488,80.5322,137.871
3.70859,72.3069,77.0394,9.93891,0.000190901,-0.000124526,-8.56174e-05,65.8385,76.3698
14.3006,70.5711,78.0732,0.846903,0.000181901,-0.000109318,6.81438e-05,71.196,148.759
4.34887,76.0023,66.1689,1.62626,-0.000132173,7.06565e-05,4.84464e-05,77.3362,92.0024
3.78272,65.9292,65.936,3.82734,0.000169885,-0.00014205,3.41195e-05,71.5592,95.732
19.0745,74.7759,75.3785,6.06272,4.45859e-05,4.1974e-06,3.38214e-05,68.9743,19.0149
38.5215,61.6085,69.7732,1.29257,-3.48091e-05,0.000353224,0.000214311,66.9489,52.9802
26.5545,65.3515,79.7533,1.1487,0.000231435,0.000124577,2.07549e-05,80.4521,85.9858
30.3642,61.124,60.4602,0.876999,-7.63938e-05,-7.35341e-05,-9.65371e-06,70.4074,51.2788
23.9459,78.2656,66.1776,1.67588,-7.63379e-05,-1.48916e-05,9.97413e-05,83.8601,149.836
34.8466,68.1029,71.4119,3.42833,0.000268538,0.000563455,9.37432e-05,75.7127,149.538
26.8802,61.536,73.2863,0.668964,-0.00021998,8.01558e-05,0.000534777,72.8964,32.3315
33.3712,73.1833,64.0647,1.93374,-2.70268e-05,6.05373e-05,0.00035233,75.18,38.9256
25.9416,62.7469,77.3046,2.49559,8.72919e-05,0.000255829,5.78267e-05,75.2314,74.8082
30.5941,74.2301,64.4634,0.576909,5.7824e-05,-8.54752e-05,0.000165065,80.9156,223.596
35.2655,72.5087,76.571,1.76737,1.88013e-05,0.000228308,0.000149291,79.4535,202.521
23.3572,67.9172,79.2987,3.00471,0.00017518,-3.75434e-05,-9.74619e-05,76.0648,22.2333
25.1455,78.2578,76.9896,1.13927,-0.00012632,0.00019627,0.000137543,81.0998,205.131
30.8132,63.2406,77.0006,0.258715,0,0,0,72.7874,40.9204
24.2493,66.4244,65.6817,8.75409,0.000195202,-3.21392e-05,0.000280397,64.0264,87.0446
29.7262,67.762,76.4513,4.08859,0.000287901,6.30004e-05,0.000108392,74.7095,33.011
37.6802,65.0878,61.7711,7.5475,-0.000165389,5.65467e-05,0.000114593,64.1733,29.7016
39.1895,64.6783,71.1477,2.1527,2.8554e-05,0.000324971,4.01592e-05,80.1559,55.858
35.7306,70.3712,75.0081,0.928015,0.000346255,0.000396784,0.000136445,72.9526,47.9276
30.6224,77.2524,71.307,6.8364,-7.63487e-05,0.000231037,0.000186512,66.0085,34.7927
40.5588,57.4679,45.0119,0.416609,0,0,0,74.0863,27.5995
51.996,58.4076,40.8018,0.846078,-8.38655e-05,-5.14067e-05,-0.000339058,77.426,75.1614
50.7837,40.3224,59.8444,0.859941,0,0,0,76.9012,56.7574
42.3937,52.2219,43.8411,3.33155,-0.000341114,-1.51985e-05,6.93915e-05,68.4235,108.599
43.7124,47.7944,54.4355,3.87254,1.03872e-05,0.000105453,-0.000111582,77.0079,168.118
45.046,50.8706,48.8562,2.00529,0,0,0,73.3878,172.653
42.5308,42.7738,42.4487,0.362511,3.79731e-05,-1.36965e-05,-3.99979e-05,68.7905,46.9912
48.0505,42.0063,56.6233,3.67283,1.25699e-05,-7.41355e-05,-7.8141e-05,74.4398,63.5219
44.6348,47.412,49.3763,0.643605,0,0,0,82.8568,203.911
45.2694,43.9687,48.1772,0.608373,-2.9884e-05,0.000103309,-2.15621e-05,77.0301,29.0454
46.3719,45.4847,49.8964,1.87511,2.904e-05,0.000113245,-8.92768e-05,82.6497,275.927
48.0364,46.2539,42.8289,5.42778,5.26093e-05,0.00051151,-2.89263e-05,75.3271,155.257
54.8151,50.0754,52.329,8.03939,7.08461e-05,-7.22999e-05,0.000148591,62.9012,100.2
58.6131,40.7637,42.597,7.73661,-0.000160705,-2.18428e-05,0.000123292,68.9063,315.009
60.0231,43.7521,56.3828,0.893213,0,0,0,70.0378,35.2349
79.4545,40.4271,47.2527,6.35358,-8.937e-05,-4.56756e-06,0.000140901,72.9505,135.311
79.8254,46.4375,51.6653,1.11269,-4.86927e-05,1.72445e-05,8.91234e-05,71.0547,36.2598
78.9779,46.5532,56.1488,1.85021,-3.23026e-05,-1.46097e-05,0.000139585,71.6472,5.26672
73.0499,49.5752,40.5932,0.522403,0,0,0,71.3114,76.2887
72.2882,45.483,43.0646,3.45485,-1.7964e-05,4.15131e-05,0.000131347,68.5717,54.494
74.7099,45.9759,46.73,0.966339,1.68299e-05,6.2655e-05,8.60123e-05,70.6861,33.254
79.884,52.8557,45.7716,7.60196,-1.33172e-05,3.38594e-05,0.000105649,57.4514,3.73156
70.4242,55.7494,49.4948,1.62902,0,0,0,62.7539,29.3171
68.8767,46.5736,54.3036,8.57004,-1.53836e-05,-5.34703e-06,9.6059e-05,62.92,81.8898
70.9524,56.9499,55.9669,2.19159,-4.69263e-06,-6.52639e-06,-5.33542e-05,77.1428,171.631
64.3431,58.5602,53.9304,5.00544,7.3692e-06,-1.53505e-05,-3.01648e-06,65.2491,87.8962
45.7288,79.897,46.3636,0.224787,-2.8749e-05,-3.29369e-05,-4.87035e-05,66.1643,53.9059
47.8279,60.6481,47.8989,7.68787,0.000140687,-0.000191224,-0.000177238,64.5656,34.648
40.4578,73.1975,50.6738,7.71426,4.10875e-05,-0.00029785,-3.82076e-05,71.9173,129.389
42.0953,61.0154,55.3357,1.20922,6.02057e-05,5.19174e-05,3.63661e-05,69.4772,59.13
56.8272,67.7521,42.4769,4.91742,6.63227e-05,5.92924e-05,-1.17688e-05,68.8636,23.7507
41.1014,76.0414,42.7061,0.716728,0,0,0,72.1166,95.0223
47.1161,67.6004,57.2259,3.34341,2.00123e-05,0.00050372,0.000805726,74.0076,199.45
58.1754,62.3553,49.5194,3.61319,0.000111734,5.10329e-05,-5.16262e-05,62.1935,87.0306
52.0669,71.1847,43.3609,0.823915,0,0,0,63.008,55.2573
50.494,69.2367,56.6465,0.401667,0,0,0,69.9941,40.4837
52.0196,71.8831,50.2296,5.86537,9.39813e-05,-3.99865e-05,1.89779e-05,59.1711,40.1079
56.4235,70.3764,55.053,0.838052,4.74594e-05,-1.62364e-05,5.19806e-05,70.7944,136.976
55.6389,77.9069,52.2385,1.6175,-8.36962e-05,2.58646e-05,4.80716e-05,69.4532,38.27
55.7655,63.1051,58.9897,6.77494,1.60315e-05,4.05371e-05,-0.000129695,67.3201,18.0591
47.9937,73.0822,57.1231,2.23057,7.33894e-05,0.00043589,-0.000126833,80.704,101.374
60.0832,72.1035,44.3693,0.630583,0,0,0,66.5812,115.086
66.1183,72.7912,41.9106,5.91914,1.58419e-05,5.23549e-05,3.40458e-05,68.2111,322.496
62.6338,64.2999,55.2641,1.13154,7.59342e-05,-3.92304e-06,-4.86271e-05,71.1317,261.686
73.2805,79.4789,45.9706,5.15074,-5.52729e-05,1.11008e-05,5.41589e-05,66.2881,108.088
61.9893,69.9891,51.4755,5.73573,5.74775e-05,1.6514e-05,-6.70714e-07,62.369,122.214
68.4761,78.5792,42.8114,0.395452,1.09766e-05,2.69447e-05,4.19325e-06,64.8826,96.331
64.9588,75.6636,52.046,0.464957,0,0,0,65.3683,239.692
63.9405,79.3496,42.3542,1.00585,-2.02976e-05,2.43907e-05,1.62946e-05,71.3526,140.247
77.835,77.0032,54.9779,2.85997,0.000200821,-4.84232e-05,0.000323849,76.4491,55.6351
62.3271,75.8236,46.0379,0.452988,-8.07264e-06,6.4568e-06,8.78838e-06,66.0461,135.465
64.2786,63.7118,48.6928,1.46254,0,0,0,64.9524,79.6429
70.8291,67.6272,59.0859,0.868257,-3.13779e-05,-1.82619e-05,8.09936e-05,64.3926,44.8741
65.4701,64.6124,53.9962,1.14751,2.25845e-06,-3.48858e-06,1.63548e-06,81.7587,116.912
63.9261,66.1517,45.7613,1.33339,0,0,0,65.765,22.8589
62.3716,72.8569,56.9751,0.194068,0,0,0,56.4883,58.1795
75.3216,65.9747,49.665,9.69992,5.31267e-05,5.79098e-05,9.11218e-05,64.3632,18.2026
68.1925,75.2702,49.467,2.33765,-1.94996e-05,3.25184e-05,2.07605e-05,74.0712,127.044
69.2845,75.3214,58.692,6.98967,3.20264e-05,-2.1675e-05,-1.43818e-06,64.3124,55.182
76.5162,77.2535,58.9037,0.152936,0,0,0,68.0658,31.0695
65.8139,65.5718,59.0862,4.00146,3.10251e-06,-2.62548e-05,-1.45094e-05,67.0967,90.4097
47.1501,40.8778,68.2557,0.768628,-2.78203e-06,-2.36587e-05,5.57886e-06,72.1557,52.2197
53.4178,44.6776,79.0767,1.62114,8.43893e-05,1.64474e-05,1.14977e-05,77.8449,51.7508
57.4047,42.5357,78.7693,0.394014,3.31202e-05,-0.000189877,-6.94901e-05,74.4559,56.9234
47.4025,43.0239,67.7496,1.45075,-9.12921e-05,-1.49498e-05,4.31582e-05,68.2646,27.8461
47.1044,43.717,72.915,0.972922,0,0,0,70.481,98.2338
42.5176,58.7355,75.5542,0.910762,3.16326e-05,0.000159203,-0.00011511,68.9414,20.7421
43.3684,50.9763,76.1987,1.01839,-4.062e-05,2.54168e-05,-7.38363e-05,83.7985,92.8807
43.7263,42.8137,65.0373,0.493124,0,0,0,68.9375,391.325
46.6762,55.5723,78.5505,5.1135,-5.23109e-05,5.12661e-05,-0.00015165,63.3293,41.1421
44.4437,45.7993,61.5341,3.62465,5.23651e-05,7.87986e-05,-0.000158616,69.5743,30.8693
46.075,55.7223,60.6876,6.59841,-3.6843e-05,0.000105124,-4.49872e-05,65.6198,22.6985
52.6808,48.0884,75.0637,3.67392,-1.01699e-05,-0.00014374,-0.000427047,70.7195,98.7227
54.5418,45.9539,64.0509,7.10794,-8.37727e-05,2.89502e-05,0.000114321,72.6628,33.3731
56.7455,46.106,72.4323,1.58898,0.000113095,-0.000388613,3.4402e-05,85.5343,80.5448
45.4552,49.8556,70.3319,5.22862,-9.58612e-05,7.4863e-05,-0.000103861,68.4461,32.5763
49.7815,51.936,66.4971,0.747968,0,0,0,76.8977,17.9521
50.1946,50.2477,79.159,1.04267,-0.000316289,-0.000132392,-0.000229013,78.2109,70.0004
52.6592,58.1973,78.0918,1.53497,-6.54034e-05,-2.78301e-05,-6.76499e-05,74.6762,115.755
54.1371,56.8225,70.1073,6.72731,-0.000131369,0.000151912,-4.85607e-05,69.8234,59.6092
58.7523,54.7047,75.7776,0.816736,-0.00010073,-8.70274e-05,1.35293e-05,75.9574,118.883
54.5096,44.8122,77.1343,0.611258,-0.0001484,-2.35034e-05,-0.000108629,76.0991,24.7999
57.3561,45.2467,78.0519,2.41149,-9.44041e-05,-0.000250525,-0.000198785,80.9544,113.787
59.443,52.7859,66.1012,0.94922,-1.91751e-05,-1.45938e-05,4.68391e-05,64.0089,50.3294
80.2285,55.6453,61.2878,8.73156,-0.000106677,-1.69452e-05,0.000121211,65.4822,148.081
62.5332,41.681,79.9307,2.04883,5.34527e-05,-6.30001e-05,7.57466e-05,87.8903,243.384
73.9748,47.795,62.8073,1.42084,-2.56776e-05,-8.93074e-05,0.000113616,67.8077,6.49611
62.9945,48.8004,62.0387,1.40032,-4.94167e-05,1.87074e-05,6.49835e-05,80.4014,4.88479
67.9175,49.4836,72.7232,10.1654,-4.14888e-05,-2.86807e-06,6.66846e-05,70.1303,9.95065
68.377,58.7008,62.1466,4.33826,-6.55424e-05,-3.53305e-05,-2.32177e-05,72.6162,32.7165
74.6931,58.7752,73.4736,0.796356,0,0,0,62.6765,5.96443
61.3532,54.2397,61.4352,4.29839,-6.10869e-05,6.08899e-05,7.68633e-05,81.4111,340.613
75.6552,58.2313,69.6024,1.10538,-7.05533e-05,3.9895e-05,0.000128271,80.6435,272.045
44.0989,60.3107,70.5162,4.50967,-5.08037e-05,0.00026547,-9.77753e-05,71.2057,130.635
40.5186,76.2226,75.779,4.73592,-1.32207e-05,0.000102103,-8.66869e-06,72.4778,226.372
56.0976,76.3198,60.8779,7.30751,7.5131e-05,8.70773e-05,1.57645e-05,61.1431,89.4399
41.3963,69.8336,70.8037,3.48011,0.00032699,0.000131162,-3.28359e-05,74.4114,2.64752
49.3954,63.5666,72.0875,1.79526,-0.000105436,0.000291963,-0.000124054,75.599,77.5726
48.6006,61.4987,79.9079,1.21003,0.000201817,-9.67535e-05,-2.84318e-05,75.2364,25.9193
47.1428,69.9027,74.2825,3.29433,0.000391163,-0.000460547,-0.000286821,70.16,118.495
50.3871,70.4406,60.6785,0.627043,0,0,0,63.6622,81.86
43.9463,79.746,75.7173,0.149638,0,0,0,65.2976,186.091
48.8532,62.2146,76.4685,2.18408,4.23642e-06,-8.75819e-05,-0.000501247,71.5164,56.6559
46.7523,64.7023,73.9225,1.63514,-0.000164866,0.00128387,-0.000779716,80.2375,78.6344
42.0239,79.1721,63.7269,8.6014,-3.43769e-05,7.36677e-05,3.09575e-05,58.5775,15.2383
44.5244,64.9728,73.4384,0.662087,-0.000372893,4.51769e-05,-0.000430866,61.9497,45.6633
48.4974,72.0388,60.9257,1.34086,-5.13923e-06,0.000184422,-0.000231359,74.4095,10.909
46.1936,64.2966,61.1085,0.953509,0,0,0,68.9358,128.251
48.425,76.363,73.1254,3.68518,-5.47184e-05,-0.000328162,3.64616e-05,66.5537,255.393
48.6157,67.7942,66.2506,5.47191,4.83931e-05,4.19094e-05,-0.000348179,69.4891,94.2572
51.9348,75.2011,70.7164,0.434038,0,0,0,55.8211,53.3224
50.9737,74.5253,68.412,1.98148,3.18932e-05,-5.57414e-05,-1.42222e-05,61.9767,110.639
76.7481,80.2561,67.2749,7.51064,-6.18554e-05,-6.40395e-05,2.86625e-05,62.135,182.684
67.672,79.8879,65.7923,1.72522,-1.44427e-06,-0.000113671,1.12991e-05,79.7458,48.4877
63.8408,68.8284,76.444,14.2123,8.48669e-05,-0.000128152,3.46742e-05,62.4386,116.03
70.0103,65.3814,61.731,0.957456,0,0,0,79.9284,174.711
76.1691,67.7463,63.8216,4.85887,0.000247291,0.000178212,8.61637e-05,70.3529,27.1379
78.9792,60.3612,72.6074,3.85081,0.000107366,-0.00013495,0.000131249,72.2506,178.993
76.9195,62.641,66.1152,0.390257,-2.95151e-05,6.24001e-05,4.30592e-05,63.7109,44.5168
77.9812,63.5433,75.8447,0.791921,-1.8662e-06,-2.6916e-06,-3.66931e-07,71.56,94.2335
